65
0 2 1 10
1 2 0 2
2 2 1 3
3 2 2 4
4 3 3 5 11
5 2 4 6
6 2 5 7
7 2 6 8
8 3 7 9 12
9 1 8
10 2 0 13
11 2 4 17
12 2 8 21
13 2 10 14
14 2 13 15
15 3 14 16 24
16 2 15 17
17 3 11 16 18
18 2 17 19
19 3 18 20 25
20 2 19 21
21 3 12 20 22
22 2 21 23
23 2 22 26
24 2 15 29
25 2 19 33
26 2 23 37
27 2 28 38
28 2 27 29
29 3 24 28 30
30 2 29 31
31 3 30 32 39
32 2 31 33
33 3 25 32 34
34 2 33 35
35 3 34 36 40
36 2 35 37
37 2 26 36
38 2 27 41
39 2 31 45
40 2 35 49
41 2 38 42
42 2 41 43
43 3 42 44 52
44 2 43 45
45 3 39 44 46
46 2 45 47
47 3 46 48 53
48 2 47 49
49 3 40 48 50
50 2 49 51
51 2 50 54
52 2 43 56
53 2 47 60
54 2 51 64
55 1 56
56 3 52 55 57
57 2 56 58
58 2 57 59
59 2 58 60
60 3 53 59 61
61 2 60 62
62 2 61 63
63 2 62 64
64 2 54 63