5105
0 2 1 90
1 2 0 2
2 2 1 3
3 2 2 4
4 3 3 5 91
5 2 4 6
6 2 5 7
7 2 6 8
8 3 7 9 92
9 2 8 10
10 2 9 11
11 2 10 12
12 3 11 13 93
13 2 12 14
14 2 13 15
15 2 14 16
16 3 15 17 94
17 2 16 18
18 2 17 19
19 2 18 20
20 3 19 21 95
21 2 20 22
22 2 21 23
23 2 22 24
24 3 23 25 96
25 2 24 26
26 2 25 27
27 2 26 28
28 3 27 29 97
29 2 28 30
30 2 29 31
31 2 30 32
32 3 31 33 98
33 2 32 34
34 2 33 35
35 2 34 36
36 3 35 37 99
37 2 36 38
38 2 37 39
39 2 38 40
40 3 39 41 100
41 2 40 42
42 2 41 43
43 2 42 44
44 3 43 45 101
45 2 44 46
46 2 45 47
47 2 46 48
48 3 47 49 102
49 2 48 50
50 2 49 51
51 2 50 52
52 3 51 53 103
53 2 52 54
54 2 53 55
55 2 54 56
56 3 55 57 104
57 2 56 58
58 2 57 59
59 2 58 60
60 3 59 61 105
61 2 60 62
62 2 61 63
63 2 62 64
64 3 63 65 106
65 2 64 66
66 2 65 67
67 2 66 68
68 3 67 69 107
69 2 68 70
70 2 69 71
71 2 70 72
72 3 71 73 108
73 2 72 74
74 2 73 75
75 2 74 76
76 3 75 77 109
77 2 76 78
78 2 77 79
79 2 78 80
80 3 79 81 110
81 2 80 82
82 2 81 83
83 2 82 84
84 3 83 85 111
85 2 84 86
86 2 85 87
87 2 86 88
88 3 87 89 112
89 1 88
90 2 0 113
91 2 4 117
92 2 8 121
93 2 12 125
94 2 16 129
95 2 20 133
96 2 24 137
97 2 28 141
98 2 32 145
99 2 36 149
100 2 40 153
101 2 44 157
102 2 48 161
103 2 52 165
104 2 56 169
105 2 60 173
106 2 64 177
107 2 68 181
108 2 72 185
109 2 76 189
110 2 80 193
111 2 84 197
112 2 88 201
113 2 90 114
114 2 113 115
115 3 114 116 204
116 2 115 117
117 3 91 116 118
118 2 117 119
119 3 118 120 205
120 2 119 121
121 3 92 120 122
122 2 121 123
123 3 122 124 206
124 2 123 125
125 3 93 124 126
126 2 125 127
127 3 126 128 207
128 2 127 129
129 3 94 128 130
130 2 129 131
131 3 130 132 208
132 2 131 133
133 3 95 132 134
134 2 133 135
135 3 134 136 209
136 2 135 137
137 3 96 136 138
138 2 137 139
139 3 138 140 210
140 2 139 141
141 3 97 140 142
142 2 141 143
143 3 142 144 211
144 2 143 145
145 3 98 144 146
146 2 145 147
147 3 146 148 212
148 2 147 149
149 3 99 148 150
150 2 149 151
151 3 150 152 213
152 2 151 153
153 3 100 152 154
154 2 153 155
155 3 154 156 214
156 2 155 157
157 3 101 156 158
158 2 157 159
159 3 158 160 215
160 2 159 161
161 3 102 160 162
162 2 161 163
163 3 162 164 216
164 2 163 165
165 3 103 164 166
166 2 165 167
167 3 166 168 217
168 2 167 169
169 3 104 168 170
170 2 169 171
171 3 170 172 218
172 2 171 173
173 3 105 172 174
174 2 173 175
175 3 174 176 219
176 2 175 177
177 3 106 176 178
178 2 177 179
179 3 178 180 220
180 2 179 181
181 3 107 180 182
182 2 181 183
183 3 182 184 221
184 2 183 185
185 3 108 184 186
186 2 185 187
187 3 186 188 222
188 2 187 189
189 3 109 188 190
190 2 189 191
191 3 190 192 223
192 2 191 193
193 3 110 192 194
194 2 193 195
195 3 194 196 224
196 2 195 197
197 3 111 196 198
198 2 197 199
199 3 198 200 225
200 2 199 201
201 3 112 200 202
202 2 201 203
203 2 202 226
204 2 115 229
205 2 119 233
206 2 123 237
207 2 127 241
208 2 131 245
209 2 135 249
210 2 139 253
211 2 143 257
212 2 147 261
213 2 151 265
214 2 155 269
215 2 159 273
216 2 163 277
217 2 167 281
218 2 171 285
219 2 175 289
220 2 179 293
221 2 183 297
222 2 187 301
223 2 191 305
224 2 195 309
225 2 199 313
226 2 203 317
227 2 228 318
228 2 227 229
229 3 204 228 230
230 2 229 231
231 3 230 232 319
232 2 231 233
233 3 205 232 234
234 2 233 235
235 3 234 236 320
236 2 235 237
237 3 206 236 238
238 2 237 239
239 3 238 240 321
240 2 239 241
241 3 207 240 242
242 2 241 243
243 3 242 244 322
244 2 243 245
245 3 208 244 246
246 2 245 247
247 3 246 248 323
248 2 247 249
249 3 209 248 250
250 2 249 251
251 3 250 252 324
252 2 251 253
253 3 210 252 254
254 2 253 255
255 3 254 256 325
256 2 255 257
257 3 211 256 258
258 2 257 259
259 3 258 260 326
260 2 259 261
261 3 212 260 262
262 2 261 263
263 3 262 264 327
264 2 263 265
265 3 213 264 266
266 2 265 267
267 3 266 268 328
268 2 267 269
269 3 214 268 270
270 2 269 271
271 3 270 272 329
272 2 271 273
273 3 215 272 274
274 2 273 275
275 3 274 276 330
276 2 275 277
277 3 216 276 278
278 2 277 279
279 3 278 280 331
280 2 279 281
281 3 217 280 282
282 2 281 283
283 3 282 284 332
284 2 283 285
285 3 218 284 286
286 2 285 287
287 3 286 288 333
288 2 287 289
289 3 219 288 290
290 2 289 291
291 3 290 292 334
292 2 291 293
293 3 220 292 294
294 2 293 295
295 3 294 296 335
296 2 295 297
297 3 221 296 298
298 2 297 299
299 3 298 300 336
300 2 299 301
301 3 222 300 302
302 2 301 303
303 3 302 304 337
304 2 303 305
305 3 223 304 306
306 2 305 307
307 3 306 308 338
308 2 307 309
309 3 224 308 310
310 2 309 311
311 3 310 312 339
312 2 311 313
313 3 225 312 314
314 2 313 315
315 3 314 316 340
316 2 315 317
317 2 226 316
318 2 227 341
319 2 231 345
320 2 235 349
321 2 239 353
322 2 243 357
323 2 247 361
324 2 251 365
325 2 255 369
326 2 259 373
327 2 263 377
328 2 267 381
329 2 271 385
330 2 275 389
331 2 279 393
332 2 283 397
333 2 287 401
334 2 291 405
335 2 295 409
336 2 299 413
337 2 303 417
338 2 307 421
339 2 311 425
340 2 315 429
341 2 318 342
342 2 341 343
343 3 342 344 432
344 2 343 345
345 3 319 344 346
346 2 345 347
347 3 346 348 433
348 2 347 349
349 3 320 348 350
350 2 349 351
351 3 350 352 434
352 2 351 353
353 3 321 352 354
354 2 353 355
355 3 354 356 435
356 2 355 357
357 3 322 356 358
358 2 357 359
359 3 358 360 436
360 2 359 361
361 3 323 360 362
362 2 361 363
363 3 362 364 437
364 2 363 365
365 3 324 364 366
366 2 365 367
367 3 366 368 438
368 2 367 369
369 3 325 368 370
370 2 369 371
371 3 370 372 439
372 2 371 373
373 3 326 372 374
374 2 373 375
375 3 374 376 440
376 2 375 377
377 3 327 376 378
378 2 377 379
379 3 378 380 441
380 2 379 381
381 3 328 380 382
382 2 381 383
383 3 382 384 442
384 2 383 385
385 3 329 384 386
386 2 385 387
387 3 386 388 443
388 2 387 389
389 3 330 388 390
390 2 389 391
391 3 390 392 444
392 2 391 393
393 3 331 392 394
394 2 393 395
395 3 394 396 445
396 2 395 397
397 3 332 396 398
398 2 397 399
399 3 398 400 446
400 2 399 401
401 3 333 400 402
402 2 401 403
403 3 402 404 447
404 2 403 405
405 3 334 404 406
406 2 405 407
407 3 406 408 448
408 2 407 409
409 3 335 408 410
410 2 409 411
411 3 410 412 449
412 2 411 413
413 3 336 412 414
414 2 413 415
415 3 414 416 450
416 2 415 417
417 3 337 416 418
418 2 417 419
419 3 418 420 451
420 2 419 421
421 3 338 420 422
422 2 421 423
423 3 422 424 452
424 2 423 425
425 3 339 424 426
426 2 425 427
427 3 426 428 453
428 2 427 429
429 3 340 428 430
430 2 429 431
431 2 430 454
432 2 343 457
433 2 347 461
434 2 351 465
435 2 355 469
436 2 359 473
437 2 363 477
438 2 367 481
439 2 371 485
440 2 375 489
441 2 379 493
442 2 383 497
443 2 387 501
444 2 391 505
445 2 395 509
446 2 399 513
447 2 403 517
448 2 407 521
449 2 411 525
450 2 415 529
451 2 419 533
452 2 423 537
453 2 427 541
454 2 431 545
455 2 456 546
456 2 455 457
457 3 432 456 458
458 2 457 459
459 3 458 460 547
460 2 459 461
461 3 433 460 462
462 2 461 463
463 3 462 464 548
464 2 463 465
465 3 434 464 466
466 2 465 467
467 3 466 468 549
468 2 467 469
469 3 435 468 470
470 2 469 471
471 3 470 472 550
472 2 471 473
473 3 436 472 474
474 2 473 475
475 3 474 476 551
476 2 475 477
477 3 437 476 478
478 2 477 479
479 3 478 480 552
480 2 479 481
481 3 438 480 482
482 2 481 483
483 3 482 484 553
484 2 483 485
485 3 439 484 486
486 2 485 487
487 3 486 488 554
488 2 487 489
489 3 440 488 490
490 2 489 491
491 3 490 492 555
492 2 491 493
493 3 441 492 494
494 2 493 495
495 3 494 496 556
496 2 495 497
497 3 442 496 498
498 2 497 499
499 3 498 500 557
500 2 499 501
501 3 443 500 502
502 2 501 503
503 3 502 504 558
504 2 503 505
505 3 444 504 506
506 2 505 507
507 3 506 508 559
508 2 507 509
509 3 445 508 510
510 2 509 511
511 3 510 512 560
512 2 511 513
513 3 446 512 514
514 2 513 515
515 3 514 516 561
516 2 515 517
517 3 447 516 518
518 2 517 519
519 3 518 520 562
520 2 519 521
521 3 448 520 522
522 2 521 523
523 3 522 524 563
524 2 523 525
525 3 449 524 526
526 2 525 527
527 3 526 528 564
528 2 527 529
529 3 450 528 530
530 2 529 531
531 3 530 532 565
532 2 531 533
533 3 451 532 534
534 2 533 535
535 3 534 536 566
536 2 535 537
537 3 452 536 538
538 2 537 539
539 3 538 540 567
540 2 539 541
541 3 453 540 542
542 2 541 543
543 3 542 544 568
544 2 543 545
545 2 454 544
546 2 455 569
547 2 459 573
548 2 463 577
549 2 467 581
550 2 471 585
551 2 475 589
552 2 479 593
553 2 483 597
554 2 487 601
555 2 491 605
556 2 495 609
557 2 499 613
558 2 503 617
559 2 507 621
560 2 511 625
561 2 515 629
562 2 519 633
563 2 523 637
564 2 527 641
565 2 531 645
566 2 535 649
567 2 539 653
568 2 543 657
569 2 546 570
570 2 569 571
571 3 570 572 660
572 2 571 573
573 3 547 572 574
574 2 573 575
575 3 574 576 661
576 2 575 577
577 3 548 576 578
578 2 577 579
579 3 578 580 662
580 2 579 581
581 3 549 580 582
582 2 581 583
583 3 582 584 663
584 2 583 585
585 3 550 584 586
586 2 585 587
587 3 586 588 664
588 2 587 589
589 3 551 588 590
590 2 589 591
591 3 590 592 665
592 2 591 593
593 3 552 592 594
594 2 593 595
595 3 594 596 666
596 2 595 597
597 3 553 596 598
598 2 597 599
599 3 598 600 667
600 2 599 601
601 3 554 600 602
602 2 601 603
603 3 602 604 668
604 2 603 605
605 3 555 604 606
606 2 605 607
607 3 606 608 669
608 2 607 609
609 3 556 608 610
610 2 609 611
611 3 610 612 670
612 2 611 613
613 3 557 612 614
614 2 613 615
615 3 614 616 671
616 2 615 617
617 3 558 616 618
618 2 617 619
619 3 618 620 672
620 2 619 621
621 3 559 620 622
622 2 621 623
623 3 622 624 673
624 2 623 625
625 3 560 624 626
626 2 625 627
627 3 626 628 674
628 2 627 629
629 3 561 628 630
630 2 629 631
631 3 630 632 675
632 2 631 633
633 3 562 632 634
634 2 633 635
635 3 634 636 676
636 2 635 637
637 3 563 636 638
638 2 637 639
639 3 638 640 677
640 2 639 641
641 3 564 640 642
642 2 641 643
643 3 642 644 678
644 2 643 645
645 3 565 644 646
646 2 645 647
647 3 646 648 679
648 2 647 649
649 3 566 648 650
650 2 649 651
651 3 650 652 680
652 2 651 653
653 3 567 652 654
654 2 653 655
655 3 654 656 681
656 2 655 657
657 3 568 656 658
658 2 657 659
659 2 658 682
660 2 571 685
661 2 575 689
662 2 579 693
663 2 583 697
664 2 587 701
665 2 591 705
666 2 595 709
667 2 599 713
668 2 603 717
669 2 607 721
670 2 611 725
671 2 615 729
672 2 619 733
673 2 623 737
674 2 627 741
675 2 631 745
676 2 635 749
677 2 639 753
678 2 643 757
679 2 647 761
680 2 651 765
681 2 655 769
682 2 659 773
683 2 684 774
684 2 683 685
685 3 660 684 686
686 2 685 687
687 3 686 688 775
688 2 687 689
689 3 661 688 690
690 2 689 691
691 3 690 692 776
692 2 691 693
693 3 662 692 694
694 2 693 695
695 3 694 696 777
696 2 695 697
697 3 663 696 698
698 2 697 699
699 3 698 700 778
700 2 699 701
701 3 664 700 702
702 2 701 703
703 3 702 704 779
704 2 703 705
705 3 665 704 706
706 2 705 707
707 3 706 708 780
708 2 707 709
709 3 666 708 710
710 2 709 711
711 3 710 712 781
712 2 711 713
713 3 667 712 714
714 2 713 715
715 3 714 716 782
716 2 715 717
717 3 668 716 718
718 2 717 719
719 3 718 720 783
720 2 719 721
721 3 669 720 722
722 2 721 723
723 3 722 724 784
724 2 723 725
725 3 670 724 726
726 2 725 727
727 3 726 728 785
728 2 727 729
729 3 671 728 730
730 2 729 731
731 3 730 732 786
732 2 731 733
733 3 672 732 734
734 2 733 735
735 3 734 736 787
736 2 735 737
737 3 673 736 738
738 2 737 739
739 3 738 740 788
740 2 739 741
741 3 674 740 742
742 2 741 743
743 3 742 744 789
744 2 743 745
745 3 675 744 746
746 2 745 747
747 3 746 748 790
748 2 747 749
749 3 676 748 750
750 2 749 751
751 3 750 752 791
752 2 751 753
753 3 677 752 754
754 2 753 755
755 3 754 756 792
756 2 755 757
757 3 678 756 758
758 2 757 759
759 3 758 760 793
760 2 759 761
761 3 679 760 762
762 2 761 763
763 3 762 764 794
764 2 763 765
765 3 680 764 766
766 2 765 767
767 3 766 768 795
768 2 767 769
769 3 681 768 770
770 2 769 771
771 3 770 772 796
772 2 771 773
773 2 682 772
774 2 683 797
775 2 687 801
776 2 691 805
777 2 695 809
778 2 699 813
779 2 703 817
780 2 707 821
781 2 711 825
782 2 715 829
783 2 719 833
784 2 723 837
785 2 727 841
786 2 731 845
787 2 735 849
788 2 739 853
789 2 743 857
790 2 747 861
791 2 751 865
792 2 755 869
793 2 759 873
794 2 763 877
795 2 767 881
796 2 771 885
797 2 774 798
798 2 797 799
799 3 798 800 888
800 2 799 801
801 3 775 800 802
802 2 801 803
803 3 802 804 889
804 2 803 805
805 3 776 804 806
806 2 805 807
807 3 806 808 890
808 2 807 809
809 3 777 808 810
810 2 809 811
811 3 810 812 891
812 2 811 813
813 3 778 812 814
814 2 813 815
815 3 814 816 892
816 2 815 817
817 3 779 816 818
818 2 817 819
819 3 818 820 893
820 2 819 821
821 3 780 820 822
822 2 821 823
823 3 822 824 894
824 2 823 825
825 3 781 824 826
826 2 825 827
827 3 826 828 895
828 2 827 829
829 3 782 828 830
830 2 829 831
831 3 830 832 896
832 2 831 833
833 3 783 832 834
834 2 833 835
835 3 834 836 897
836 2 835 837
837 3 784 836 838
838 2 837 839
839 3 838 840 898
840 2 839 841
841 3 785 840 842
842 2 841 843
843 3 842 844 899
844 2 843 845
845 3 786 844 846
846 2 845 847
847 3 846 848 900
848 2 847 849
849 3 787 848 850
850 2 849 851
851 3 850 852 901
852 2 851 853
853 3 788 852 854
854 2 853 855
855 3 854 856 902
856 2 855 857
857 3 789 856 858
858 2 857 859
859 3 858 860 903
860 2 859 861
861 3 790 860 862
862 2 861 863
863 3 862 864 904
864 2 863 865
865 3 791 864 866
866 2 865 867
867 3 866 868 905
868 2 867 869
869 3 792 868 870
870 2 869 871
871 3 870 872 906
872 2 871 873
873 3 793 872 874
874 2 873 875
875 3 874 876 907
876 2 875 877
877 3 794 876 878
878 2 877 879
879 3 878 880 908
880 2 879 881
881 3 795 880 882
882 2 881 883
883 3 882 884 909
884 2 883 885
885 3 796 884 886
886 2 885 887
887 2 886 910
888 2 799 913
889 2 803 917
890 2 807 921
891 2 811 925
892 2 815 929
893 2 819 933
894 2 823 937
895 2 827 941
896 2 831 945
897 2 835 949
898 2 839 953
899 2 843 957
900 2 847 961
901 2 851 965
902 2 855 969
903 2 859 973
904 2 863 977
905 2 867 981
906 2 871 985
907 2 875 989
908 2 879 993
909 2 883 997
910 2 887 1001
911 2 912 1002
912 2 911 913
913 3 888 912 914
914 2 913 915
915 3 914 916 1003
916 2 915 917
917 3 889 916 918
918 2 917 919
919 3 918 920 1004
920 2 919 921
921 3 890 920 922
922 2 921 923
923 3 922 924 1005
924 2 923 925
925 3 891 924 926
926 2 925 927
927 3 926 928 1006
928 2 927 929
929 3 892 928 930
930 2 929 931
931 3 930 932 1007
932 2 931 933
933 3 893 932 934
934 2 933 935
935 3 934 936 1008
936 2 935 937
937 3 894 936 938
938 2 937 939
939 3 938 940 1009
940 2 939 941
941 3 895 940 942
942 2 941 943
943 3 942 944 1010
944 2 943 945
945 3 896 944 946
946 2 945 947
947 3 946 948 1011
948 2 947 949
949 3 897 948 950
950 2 949 951
951 3 950 952 1012
952 2 951 953
953 3 898 952 954
954 2 953 955
955 3 954 956 1013
956 2 955 957
957 3 899 956 958
958 2 957 959
959 3 958 960 1014
960 2 959 961
961 3 900 960 962
962 2 961 963
963 3 962 964 1015
964 2 963 965
965 3 901 964 966
966 2 965 967
967 3 966 968 1016
968 2 967 969
969 3 902 968 970
970 2 969 971
971 3 970 972 1017
972 2 971 973
973 3 903 972 974
974 2 973 975
975 3 974 976 1018
976 2 975 977
977 3 904 976 978
978 2 977 979
979 3 978 980 1019
980 2 979 981
981 3 905 980 982
982 2 981 983
983 3 982 984 1020
984 2 983 985
985 3 906 984 986
986 2 985 987
987 3 986 988 1021
988 2 987 989
989 3 907 988 990
990 2 989 991
991 3 990 992 1022
992 2 991 993
993 3 908 992 994
994 2 993 995
995 3 994 996 1023
996 2 995 997
997 3 909 996 998
998 2 997 999
999 3 998 1000 1024
1000 2 999 1001
1001 2 910 1000
1002 2 911 1025
1003 2 915 1029
1004 2 919 1033
1005 2 923 1037
1006 2 927 1041
1007 2 931 1045
1008 2 935 1049
1009 2 939 1053
1010 2 943 1057
1011 2 947 1061
1012 2 951 1065
1013 2 955 1069
1014 2 959 1073
1015 2 963 1077
1016 2 967 1081
1017 2 971 1085
1018 2 975 1089
1019 2 979 1093
1020 2 983 1097
1021 2 987 1101
1022 2 991 1105
1023 2 995 1109
1024 2 999 1113
1025 2 1002 1026
1026 2 1025 1027
1027 3 1026 1028 1116
1028 2 1027 1029
1029 3 1003 1028 1030
1030 2 1029 1031
1031 3 1030 1032 1117
1032 2 1031 1033
1033 3 1004 1032 1034
1034 2 1033 1035
1035 3 1034 1036 1118
1036 2 1035 1037
1037 3 1005 1036 1038
1038 2 1037 1039
1039 3 1038 1040 1119
1040 2 1039 1041
1041 3 1006 1040 1042
1042 2 1041 1043
1043 3 1042 1044 1120
1044 2 1043 1045
1045 3 1007 1044 1046
1046 2 1045 1047
1047 3 1046 1048 1121
1048 2 1047 1049
1049 3 1008 1048 1050
1050 2 1049 1051
1051 3 1050 1052 1122
1052 2 1051 1053
1053 3 1009 1052 1054
1054 2 1053 1055
1055 3 1054 1056 1123
1056 2 1055 1057
1057 3 1010 1056 1058
1058 2 1057 1059
1059 3 1058 1060 1124
1060 2 1059 1061
1061 3 1011 1060 1062
1062 2 1061 1063
1063 3 1062 1064 1125
1064 2 1063 1065
1065 3 1012 1064 1066
1066 2 1065 1067
1067 3 1066 1068 1126
1068 2 1067 1069
1069 3 1013 1068 1070
1070 2 1069 1071
1071 3 1070 1072 1127
1072 2 1071 1073
1073 3 1014 1072 1074
1074 2 1073 1075
1075 3 1074 1076 1128
1076 2 1075 1077
1077 3 1015 1076 1078
1078 2 1077 1079
1079 3 1078 1080 1129
1080 2 1079 1081
1081 3 1016 1080 1082
1082 2 1081 1083
1083 3 1082 1084 1130
1084 2 1083 1085
1085 3 1017 1084 1086
1086 2 1085 1087
1087 3 1086 1088 1131
1088 2 1087 1089
1089 3 1018 1088 1090
1090 2 1089 1091
1091 3 1090 1092 1132
1092 2 1091 1093
1093 3 1019 1092 1094
1094 2 1093 1095
1095 3 1094 1096 1133
1096 2 1095 1097
1097 3 1020 1096 1098
1098 2 1097 1099
1099 3 1098 1100 1134
1100 2 1099 1101
1101 3 1021 1100 1102
1102 2 1101 1103
1103 3 1102 1104 1135
1104 2 1103 1105
1105 3 1022 1104 1106
1106 2 1105 1107
1107 3 1106 1108 1136
1108 2 1107 1109
1109 3 1023 1108 1110
1110 2 1109 1111
1111 3 1110 1112 1137
1112 2 1111 1113
1113 3 1024 1112 1114
1114 2 1113 1115
1115 2 1114 1138
1116 2 1027 1141
1117 2 1031 1145
1118 2 1035 1149
1119 2 1039 1153
1120 2 1043 1157
1121 2 1047 1161
1122 2 1051 1165
1123 2 1055 1169
1124 2 1059 1173
1125 2 1063 1177
1126 2 1067 1181
1127 2 1071 1185
1128 2 1075 1189
1129 2 1079 1193
1130 2 1083 1197
1131 2 1087 1201
1132 2 1091 1205
1133 2 1095 1209
1134 2 1099 1213
1135 2 1103 1217
1136 2 1107 1221
1137 2 1111 1225
1138 2 1115 1229
1139 2 1140 1230
1140 2 1139 1141
1141 3 1116 1140 1142
1142 2 1141 1143
1143 3 1142 1144 1231
1144 2 1143 1145
1145 3 1117 1144 1146
1146 2 1145 1147
1147 3 1146 1148 1232
1148 2 1147 1149
1149 3 1118 1148 1150
1150 2 1149 1151
1151 3 1150 1152 1233
1152 2 1151 1153
1153 3 1119 1152 1154
1154 2 1153 1155
1155 3 1154 1156 1234
1156 2 1155 1157
1157 3 1120 1156 1158
1158 2 1157 1159
1159 3 1158 1160 1235
1160 2 1159 1161
1161 3 1121 1160 1162
1162 2 1161 1163
1163 3 1162 1164 1236
1164 2 1163 1165
1165 3 1122 1164 1166
1166 2 1165 1167
1167 3 1166 1168 1237
1168 2 1167 1169
1169 3 1123 1168 1170
1170 2 1169 1171
1171 3 1170 1172 1238
1172 2 1171 1173
1173 3 1124 1172 1174
1174 2 1173 1175
1175 3 1174 1176 1239
1176 2 1175 1177
1177 3 1125 1176 1178
1178 2 1177 1179
1179 3 1178 1180 1240
1180 2 1179 1181
1181 3 1126 1180 1182
1182 2 1181 1183
1183 3 1182 1184 1241
1184 2 1183 1185
1185 3 1127 1184 1186
1186 2 1185 1187
1187 3 1186 1188 1242
1188 2 1187 1189
1189 3 1128 1188 1190
1190 2 1189 1191
1191 3 1190 1192 1243
1192 2 1191 1193
1193 3 1129 1192 1194
1194 2 1193 1195
1195 3 1194 1196 1244
1196 2 1195 1197
1197 3 1130 1196 1198
1198 2 1197 1199
1199 3 1198 1200 1245
1200 2 1199 1201
1201 3 1131 1200 1202
1202 2 1201 1203
1203 3 1202 1204 1246
1204 2 1203 1205
1205 3 1132 1204 1206
1206 2 1205 1207
1207 3 1206 1208 1247
1208 2 1207 1209
1209 3 1133 1208 1210
1210 2 1209 1211
1211 3 1210 1212 1248
1212 2 1211 1213
1213 3 1134 1212 1214
1214 2 1213 1215
1215 3 1214 1216 1249
1216 2 1215 1217
1217 3 1135 1216 1218
1218 2 1217 1219
1219 3 1218 1220 1250
1220 2 1219 1221
1221 3 1136 1220 1222
1222 2 1221 1223
1223 3 1222 1224 1251
1224 2 1223 1225
1225 3 1137 1224 1226
1226 2 1225 1227
1227 3 1226 1228 1252
1228 2 1227 1229
1229 2 1138 1228
1230 2 1139 1253
1231 2 1143 1257
1232 2 1147 1261
1233 2 1151 1265
1234 2 1155 1269
1235 2 1159 1273
1236 2 1163 1277
1237 2 1167 1281
1238 2 1171 1285
1239 2 1175 1289
1240 2 1179 1293
1241 2 1183 1297
1242 2 1187 1301
1243 2 1191 1305
1244 2 1195 1309
1245 2 1199 1313
1246 2 1203 1317
1247 2 1207 1321
1248 2 1211 1325
1249 2 1215 1329
1250 2 1219 1333
1251 2 1223 1337
1252 2 1227 1341
1253 2 1230 1254
1254 2 1253 1255
1255 3 1254 1256 1344
1256 2 1255 1257
1257 3 1231 1256 1258
1258 2 1257 1259
1259 3 1258 1260 1345
1260 2 1259 1261
1261 3 1232 1260 1262
1262 2 1261 1263
1263 3 1262 1264 1346
1264 2 1263 1265
1265 3 1233 1264 1266
1266 2 1265 1267
1267 3 1266 1268 1347
1268 2 1267 1269
1269 3 1234 1268 1270
1270 2 1269 1271
1271 3 1270 1272 1348
1272 2 1271 1273
1273 3 1235 1272 1274
1274 2 1273 1275
1275 3 1274 1276 1349
1276 2 1275 1277
1277 3 1236 1276 1278
1278 2 1277 1279
1279 3 1278 1280 1350
1280 2 1279 1281
1281 3 1237 1280 1282
1282 2 1281 1283
1283 3 1282 1284 1351
1284 2 1283 1285
1285 3 1238 1284 1286
1286 2 1285 1287
1287 3 1286 1288 1352
1288 2 1287 1289
1289 3 1239 1288 1290
1290 2 1289 1291
1291 3 1290 1292 1353
1292 2 1291 1293
1293 3 1240 1292 1294
1294 2 1293 1295
1295 3 1294 1296 1354
1296 2 1295 1297
1297 3 1241 1296 1298
1298 2 1297 1299
1299 3 1298 1300 1355
1300 2 1299 1301
1301 3 1242 1300 1302
1302 2 1301 1303
1303 3 1302 1304 1356
1304 2 1303 1305
1305 3 1243 1304 1306
1306 2 1305 1307
1307 3 1306 1308 1357
1308 2 1307 1309
1309 3 1244 1308 1310
1310 2 1309 1311
1311 3 1310 1312 1358
1312 2 1311 1313
1313 3 1245 1312 1314
1314 2 1313 1315
1315 3 1314 1316 1359
1316 2 1315 1317
1317 3 1246 1316 1318
1318 2 1317 1319
1319 3 1318 1320 1360
1320 2 1319 1321
1321 3 1247 1320 1322
1322 2 1321 1323
1323 3 1322 1324 1361
1324 2 1323 1325
1325 3 1248 1324 1326
1326 2 1325 1327
1327 3 1326 1328 1362
1328 2 1327 1329
1329 3 1249 1328 1330
1330 2 1329 1331
1331 3 1330 1332 1363
1332 2 1331 1333
1333 3 1250 1332 1334
1334 2 1333 1335
1335 3 1334 1336 1364
1336 2 1335 1337
1337 3 1251 1336 1338
1338 2 1337 1339
1339 3 1338 1340 1365
1340 2 1339 1341
1341 3 1252 1340 1342
1342 2 1341 1343
1343 2 1342 1366
1344 2 1255 1369
1345 2 1259 1373
1346 2 1263 1377
1347 2 1267 1381
1348 2 1271 1385
1349 2 1275 1389
1350 2 1279 1393
1351 2 1283 1397
1352 2 1287 1401
1353 2 1291 1405
1354 2 1295 1409
1355 2 1299 1413
1356 2 1303 1417
1357 2 1307 1421
1358 2 1311 1425
1359 2 1315 1429
1360 2 1319 1433
1361 2 1323 1437
1362 2 1327 1441
1363 2 1331 1445
1364 2 1335 1449
1365 2 1339 1453
1366 2 1343 1457
1367 2 1368 1458
1368 2 1367 1369
1369 3 1344 1368 1370
1370 2 1369 1371
1371 3 1370 1372 1459
1372 2 1371 1373
1373 3 1345 1372 1374
1374 2 1373 1375
1375 3 1374 1376 1460
1376 2 1375 1377
1377 3 1346 1376 1378
1378 2 1377 1379
1379 3 1378 1380 1461
1380 2 1379 1381
1381 3 1347 1380 1382
1382 2 1381 1383
1383 3 1382 1384 1462
1384 2 1383 1385
1385 3 1348 1384 1386
1386 2 1385 1387
1387 3 1386 1388 1463
1388 2 1387 1389
1389 3 1349 1388 1390
1390 2 1389 1391
1391 3 1390 1392 1464
1392 2 1391 1393
1393 3 1350 1392 1394
1394 2 1393 1395
1395 3 1394 1396 1465
1396 2 1395 1397
1397 3 1351 1396 1398
1398 2 1397 1399
1399 3 1398 1400 1466
1400 2 1399 1401
1401 3 1352 1400 1402
1402 2 1401 1403
1403 3 1402 1404 1467
1404 2 1403 1405
1405 3 1353 1404 1406
1406 2 1405 1407
1407 3 1406 1408 1468
1408 2 1407 1409
1409 3 1354 1408 1410
1410 2 1409 1411
1411 3 1410 1412 1469
1412 2 1411 1413
1413 3 1355 1412 1414
1414 2 1413 1415
1415 3 1414 1416 1470
1416 2 1415 1417
1417 3 1356 1416 1418
1418 2 1417 1419
1419 3 1418 1420 1471
1420 2 1419 1421
1421 3 1357 1420 1422
1422 2 1421 1423
1423 3 1422 1424 1472
1424 2 1423 1425
1425 3 1358 1424 1426
1426 2 1425 1427
1427 3 1426 1428 1473
1428 2 1427 1429
1429 3 1359 1428 1430
1430 2 1429 1431
1431 3 1430 1432 1474
1432 2 1431 1433
1433 3 1360 1432 1434
1434 2 1433 1435
1435 3 1434 1436 1475
1436 2 1435 1437
1437 3 1361 1436 1438
1438 2 1437 1439
1439 3 1438 1440 1476
1440 2 1439 1441
1441 3 1362 1440 1442
1442 2 1441 1443
1443 3 1442 1444 1477
1444 2 1443 1445
1445 3 1363 1444 1446
1446 2 1445 1447
1447 3 1446 1448 1478
1448 2 1447 1449
1449 3 1364 1448 1450
1450 2 1449 1451
1451 3 1450 1452 1479
1452 2 1451 1453
1453 3 1365 1452 1454
1454 2 1453 1455
1455 3 1454 1456 1480
1456 2 1455 1457
1457 2 1366 1456
1458 2 1367 1481
1459 2 1371 1485
1460 2 1375 1489
1461 2 1379 1493
1462 2 1383 1497
1463 2 1387 1501
1464 2 1391 1505
1465 2 1395 1509
1466 2 1399 1513
1467 2 1403 1517
1468 2 1407 1521
1469 2 1411 1525
1470 2 1415 1529
1471 2 1419 1533
1472 2 1423 1537
1473 2 1427 1541
1474 2 1431 1545
1475 2 1435 1549
1476 2 1439 1553
1477 2 1443 1557
1478 2 1447 1561
1479 2 1451 1565
1480 2 1455 1569
1481 2 1458 1482
1482 2 1481 1483
1483 3 1482 1484 1572
1484 2 1483 1485
1485 3 1459 1484 1486
1486 2 1485 1487
1487 3 1486 1488 1573
1488 2 1487 1489
1489 3 1460 1488 1490
1490 2 1489 1491
1491 3 1490 1492 1574
1492 2 1491 1493
1493 3 1461 1492 1494
1494 2 1493 1495
1495 3 1494 1496 1575
1496 2 1495 1497
1497 3 1462 1496 1498
1498 2 1497 1499
1499 3 1498 1500 1576
1500 2 1499 1501
1501 3 1463 1500 1502
1502 2 1501 1503
1503 3 1502 1504 1577
1504 2 1503 1505
1505 3 1464 1504 1506
1506 2 1505 1507
1507 3 1506 1508 1578
1508 2 1507 1509
1509 3 1465 1508 1510
1510 2 1509 1511
1511 3 1510 1512 1579
1512 2 1511 1513
1513 3 1466 1512 1514
1514 2 1513 1515
1515 3 1514 1516 1580
1516 2 1515 1517
1517 3 1467 1516 1518
1518 2 1517 1519
1519 3 1518 1520 1581
1520 2 1519 1521
1521 3 1468 1520 1522
1522 2 1521 1523
1523 3 1522 1524 1582
1524 2 1523 1525
1525 3 1469 1524 1526
1526 2 1525 1527
1527 3 1526 1528 1583
1528 2 1527 1529
1529 3 1470 1528 1530
1530 2 1529 1531
1531 3 1530 1532 1584
1532 2 1531 1533
1533 3 1471 1532 1534
1534 2 1533 1535
1535 3 1534 1536 1585
1536 2 1535 1537
1537 3 1472 1536 1538
1538 2 1537 1539
1539 3 1538 1540 1586
1540 2 1539 1541
1541 3 1473 1540 1542
1542 2 1541 1543
1543 3 1542 1544 1587
1544 2 1543 1545
1545 3 1474 1544 1546
1546 2 1545 1547
1547 3 1546 1548 1588
1548 2 1547 1549
1549 3 1475 1548 1550
1550 2 1549 1551
1551 3 1550 1552 1589
1552 2 1551 1553
1553 3 1476 1552 1554
1554 2 1553 1555
1555 3 1554 1556 1590
1556 2 1555 1557
1557 3 1477 1556 1558
1558 2 1557 1559
1559 3 1558 1560 1591
1560 2 1559 1561
1561 3 1478 1560 1562
1562 2 1561 1563
1563 3 1562 1564 1592
1564 2 1563 1565
1565 3 1479 1564 1566
1566 2 1565 1567
1567 3 1566 1568 1593
1568 2 1567 1569
1569 3 1480 1568 1570
1570 2 1569 1571
1571 2 1570 1594
1572 2 1483 1597
1573 2 1487 1601
1574 2 1491 1605
1575 2 1495 1609
1576 2 1499 1613
1577 2 1503 1617
1578 2 1507 1621
1579 2 1511 1625
1580 2 1515 1629
1581 2 1519 1633
1582 2 1523 1637
1583 2 1527 1641
1584 2 1531 1645
1585 2 1535 1649
1586 2 1539 1653
1587 2 1543 1657
1588 2 1547 1661
1589 2 1551 1665
1590 2 1555 1669
1591 2 1559 1673
1592 2 1563 1677
1593 2 1567 1681
1594 2 1571 1685
1595 2 1596 1686
1596 2 1595 1597
1597 3 1572 1596 1598
1598 2 1597 1599
1599 3 1598 1600 1687
1600 2 1599 1601
1601 3 1573 1600 1602
1602 2 1601 1603
1603 3 1602 1604 1688
1604 2 1603 1605
1605 3 1574 1604 1606
1606 2 1605 1607
1607 3 1606 1608 1689
1608 2 1607 1609
1609 3 1575 1608 1610
1610 2 1609 1611
1611 3 1610 1612 1690
1612 2 1611 1613
1613 3 1576 1612 1614
1614 2 1613 1615
1615 3 1614 1616 1691
1616 2 1615 1617
1617 3 1577 1616 1618
1618 2 1617 1619
1619 3 1618 1620 1692
1620 2 1619 1621
1621 3 1578 1620 1622
1622 2 1621 1623
1623 3 1622 1624 1693
1624 2 1623 1625
1625 3 1579 1624 1626
1626 2 1625 1627
1627 3 1626 1628 1694
1628 2 1627 1629
1629 3 1580 1628 1630
1630 2 1629 1631
1631 3 1630 1632 1695
1632 2 1631 1633
1633 3 1581 1632 1634
1634 2 1633 1635
1635 3 1634 1636 1696
1636 2 1635 1637
1637 3 1582 1636 1638
1638 2 1637 1639
1639 3 1638 1640 1697
1640 2 1639 1641
1641 3 1583 1640 1642
1642 2 1641 1643
1643 3 1642 1644 1698
1644 2 1643 1645
1645 3 1584 1644 1646
1646 2 1645 1647
1647 3 1646 1648 1699
1648 2 1647 1649
1649 3 1585 1648 1650
1650 2 1649 1651
1651 3 1650 1652 1700
1652 2 1651 1653
1653 3 1586 1652 1654
1654 2 1653 1655
1655 3 1654 1656 1701
1656 2 1655 1657
1657 3 1587 1656 1658
1658 2 1657 1659
1659 3 1658 1660 1702
1660 2 1659 1661
1661 3 1588 1660 1662
1662 2 1661 1663
1663 3 1662 1664 1703
1664 2 1663 1665
1665 3 1589 1664 1666
1666 2 1665 1667
1667 3 1666 1668 1704
1668 2 1667 1669
1669 3 1590 1668 1670
1670 2 1669 1671
1671 3 1670 1672 1705
1672 2 1671 1673
1673 3 1591 1672 1674
1674 2 1673 1675
1675 3 1674 1676 1706
1676 2 1675 1677
1677 3 1592 1676 1678
1678 2 1677 1679
1679 3 1678 1680 1707
1680 2 1679 1681
1681 3 1593 1680 1682
1682 2 1681 1683
1683 3 1682 1684 1708
1684 2 1683 1685
1685 2 1594 1684
1686 2 1595 1709
1687 2 1599 1713
1688 2 1603 1717
1689 2 1607 1721
1690 2 1611 1725
1691 2 1615 1729
1692 2 1619 1733
1693 2 1623 1737
1694 2 1627 1741
1695 2 1631 1745
1696 2 1635 1749
1697 2 1639 1753
1698 2 1643 1757
1699 2 1647 1761
1700 2 1651 1765
1701 2 1655 1769
1702 2 1659 1773
1703 2 1663 1777
1704 2 1667 1781
1705 2 1671 1785
1706 2 1675 1789
1707 2 1679 1793
1708 2 1683 1797
1709 2 1686 1710
1710 2 1709 1711
1711 3 1710 1712 1800
1712 2 1711 1713
1713 3 1687 1712 1714
1714 2 1713 1715
1715 3 1714 1716 1801
1716 2 1715 1717
1717 3 1688 1716 1718
1718 2 1717 1719
1719 3 1718 1720 1802
1720 2 1719 1721
1721 3 1689 1720 1722
1722 2 1721 1723
1723 3 1722 1724 1803
1724 2 1723 1725
1725 3 1690 1724 1726
1726 2 1725 1727
1727 3 1726 1728 1804
1728 2 1727 1729
1729 3 1691 1728 1730
1730 2 1729 1731
1731 3 1730 1732 1805
1732 2 1731 1733
1733 3 1692 1732 1734
1734 2 1733 1735
1735 3 1734 1736 1806
1736 2 1735 1737
1737 3 1693 1736 1738
1738 2 1737 1739
1739 3 1738 1740 1807
1740 2 1739 1741
1741 3 1694 1740 1742
1742 2 1741 1743
1743 3 1742 1744 1808
1744 2 1743 1745
1745 3 1695 1744 1746
1746 2 1745 1747
1747 3 1746 1748 1809
1748 2 1747 1749
1749 3 1696 1748 1750
1750 2 1749 1751
1751 3 1750 1752 1810
1752 2 1751 1753
1753 3 1697 1752 1754
1754 2 1753 1755
1755 3 1754 1756 1811
1756 2 1755 1757
1757 3 1698 1756 1758
1758 2 1757 1759
1759 3 1758 1760 1812
1760 2 1759 1761
1761 3 1699 1760 1762
1762 2 1761 1763
1763 3 1762 1764 1813
1764 2 1763 1765
1765 3 1700 1764 1766
1766 2 1765 1767
1767 3 1766 1768 1814
1768 2 1767 1769
1769 3 1701 1768 1770
1770 2 1769 1771
1771 3 1770 1772 1815
1772 2 1771 1773
1773 3 1702 1772 1774
1774 2 1773 1775
1775 3 1774 1776 1816
1776 2 1775 1777
1777 3 1703 1776 1778
1778 2 1777 1779
1779 3 1778 1780 1817
1780 2 1779 1781
1781 3 1704 1780 1782
1782 2 1781 1783
1783 3 1782 1784 1818
1784 2 1783 1785
1785 3 1705 1784 1786
1786 2 1785 1787
1787 3 1786 1788 1819
1788 2 1787 1789
1789 3 1706 1788 1790
1790 2 1789 1791
1791 3 1790 1792 1820
1792 2 1791 1793
1793 3 1707 1792 1794
1794 2 1793 1795
1795 3 1794 1796 1821
1796 2 1795 1797
1797 3 1708 1796 1798
1798 2 1797 1799
1799 2 1798 1822
1800 2 1711 1825
1801 2 1715 1829
1802 2 1719 1833
1803 2 1723 1837
1804 2 1727 1841
1805 2 1731 1845
1806 2 1735 1849
1807 2 1739 1853
1808 2 1743 1857
1809 2 1747 1861
1810 2 1751 1865
1811 2 1755 1869
1812 2 1759 1873
1813 2 1763 1877
1814 2 1767 1881
1815 2 1771 1885
1816 2 1775 1889
1817 2 1779 1893
1818 2 1783 1897
1819 2 1787 1901
1820 2 1791 1905
1821 2 1795 1909
1822 2 1799 1913
1823 2 1824 1914
1824 2 1823 1825
1825 3 1800 1824 1826
1826 2 1825 1827
1827 3 1826 1828 1915
1828 2 1827 1829
1829 3 1801 1828 1830
1830 2 1829 1831
1831 3 1830 1832 1916
1832 2 1831 1833
1833 3 1802 1832 1834
1834 2 1833 1835
1835 3 1834 1836 1917
1836 2 1835 1837
1837 3 1803 1836 1838
1838 2 1837 1839
1839 3 1838 1840 1918
1840 2 1839 1841
1841 3 1804 1840 1842
1842 2 1841 1843
1843 3 1842 1844 1919
1844 2 1843 1845
1845 3 1805 1844 1846
1846 2 1845 1847
1847 3 1846 1848 1920
1848 2 1847 1849
1849 3 1806 1848 1850
1850 2 1849 1851
1851 3 1850 1852 1921
1852 2 1851 1853
1853 3 1807 1852 1854
1854 2 1853 1855
1855 3 1854 1856 1922
1856 2 1855 1857
1857 3 1808 1856 1858
1858 2 1857 1859
1859 3 1858 1860 1923
1860 2 1859 1861
1861 3 1809 1860 1862
1862 2 1861 1863
1863 3 1862 1864 1924
1864 2 1863 1865
1865 3 1810 1864 1866
1866 2 1865 1867
1867 3 1866 1868 1925
1868 2 1867 1869
1869 3 1811 1868 1870
1870 2 1869 1871
1871 3 1870 1872 1926
1872 2 1871 1873
1873 3 1812 1872 1874
1874 2 1873 1875
1875 3 1874 1876 1927
1876 2 1875 1877
1877 3 1813 1876 1878
1878 2 1877 1879
1879 3 1878 1880 1928
1880 2 1879 1881
1881 3 1814 1880 1882
1882 2 1881 1883
1883 3 1882 1884 1929
1884 2 1883 1885
1885 3 1815 1884 1886
1886 2 1885 1887
1887 3 1886 1888 1930
1888 2 1887 1889
1889 3 1816 1888 1890
1890 2 1889 1891
1891 3 1890 1892 1931
1892 2 1891 1893
1893 3 1817 1892 1894
1894 2 1893 1895
1895 3 1894 1896 1932
1896 2 1895 1897
1897 3 1818 1896 1898
1898 2 1897 1899
1899 3 1898 1900 1933
1900 2 1899 1901
1901 3 1819 1900 1902
1902 2 1901 1903
1903 3 1902 1904 1934
1904 2 1903 1905
1905 3 1820 1904 1906
1906 2 1905 1907
1907 3 1906 1908 1935
1908 2 1907 1909
1909 3 1821 1908 1910
1910 2 1909 1911
1911 3 1910 1912 1936
1912 2 1911 1913
1913 2 1822 1912
1914 2 1823 1937
1915 2 1827 1941
1916 2 1831 1945
1917 2 1835 1949
1918 2 1839 1953
1919 2 1843 1957
1920 2 1847 1961
1921 2 1851 1965
1922 2 1855 1969
1923 2 1859 1973
1924 2 1863 1977
1925 2 1867 1981
1926 2 1871 1985
1927 2 1875 1989
1928 2 1879 1993
1929 2 1883 1997
1930 2 1887 2001
1931 2 1891 2005
1932 2 1895 2009
1933 2 1899 2013
1934 2 1903 2017
1935 2 1907 2021
1936 2 1911 2025
1937 2 1914 1938
1938 2 1937 1939
1939 3 1938 1940 2028
1940 2 1939 1941
1941 3 1915 1940 1942
1942 2 1941 1943
1943 3 1942 1944 2029
1944 2 1943 1945
1945 3 1916 1944 1946
1946 2 1945 1947
1947 3 1946 1948 2030
1948 2 1947 1949
1949 3 1917 1948 1950
1950 2 1949 1951
1951 3 1950 1952 2031
1952 2 1951 1953
1953 3 1918 1952 1954
1954 2 1953 1955
1955 3 1954 1956 2032
1956 2 1955 1957
1957 3 1919 1956 1958
1958 2 1957 1959
1959 3 1958 1960 2033
1960 2 1959 1961
1961 3 1920 1960 1962
1962 2 1961 1963
1963 3 1962 1964 2034
1964 2 1963 1965
1965 3 1921 1964 1966
1966 2 1965 1967
1967 3 1966 1968 2035
1968 2 1967 1969
1969 3 1922 1968 1970
1970 2 1969 1971
1971 3 1970 1972 2036
1972 2 1971 1973
1973 3 1923 1972 1974
1974 2 1973 1975
1975 3 1974 1976 2037
1976 2 1975 1977
1977 3 1924 1976 1978
1978 2 1977 1979
1979 3 1978 1980 2038
1980 2 1979 1981
1981 3 1925 1980 1982
1982 2 1981 1983
1983 3 1982 1984 2039
1984 2 1983 1985
1985 3 1926 1984 1986
1986 2 1985 1987
1987 3 1986 1988 2040
1988 2 1987 1989
1989 3 1927 1988 1990
1990 2 1989 1991
1991 3 1990 1992 2041
1992 2 1991 1993
1993 3 1928 1992 1994
1994 2 1993 1995
1995 3 1994 1996 2042
1996 2 1995 1997
1997 3 1929 1996 1998
1998 2 1997 1999
1999 3 1998 2000 2043
2000 2 1999 2001
2001 3 1930 2000 2002
2002 2 2001 2003
2003 3 2002 2004 2044
2004 2 2003 2005
2005 3 1931 2004 2006
2006 2 2005 2007
2007 3 2006 2008 2045
2008 2 2007 2009
2009 3 1932 2008 2010
2010 2 2009 2011
2011 3 2010 2012 2046
2012 2 2011 2013
2013 3 1933 2012 2014
2014 2 2013 2015
2015 3 2014 2016 2047
2016 2 2015 2017
2017 3 1934 2016 2018
2018 2 2017 2019
2019 3 2018 2020 2048
2020 2 2019 2021
2021 3 1935 2020 2022
2022 2 2021 2023
2023 3 2022 2024 2049
2024 2 2023 2025
2025 3 1936 2024 2026
2026 2 2025 2027
2027 2 2026 2050
2028 2 1939 2053
2029 2 1943 2057
2030 2 1947 2061
2031 2 1951 2065
2032 2 1955 2069
2033 2 1959 2073
2034 2 1963 2077
2035 2 1967 2081
2036 2 1971 2085
2037 2 1975 2089
2038 2 1979 2093
2039 2 1983 2097
2040 2 1987 2101
2041 2 1991 2105
2042 2 1995 2109
2043 2 1999 2113
2044 2 2003 2117
2045 2 2007 2121
2046 2 2011 2125
2047 2 2015 2129
2048 2 2019 2133
2049 2 2023 2137
2050 2 2027 2141
2051 2 2052 2142
2052 2 2051 2053
2053 3 2028 2052 2054
2054 2 2053 2055
2055 3 2054 2056 2143
2056 2 2055 2057
2057 3 2029 2056 2058
2058 2 2057 2059
2059 3 2058 2060 2144
2060 2 2059 2061
2061 3 2030 2060 2062
2062 2 2061 2063
2063 3 2062 2064 2145
2064 2 2063 2065
2065 3 2031 2064 2066
2066 2 2065 2067
2067 3 2066 2068 2146
2068 2 2067 2069
2069 3 2032 2068 2070
2070 2 2069 2071
2071 3 2070 2072 2147
2072 2 2071 2073
2073 3 2033 2072 2074
2074 2 2073 2075
2075 3 2074 2076 2148
2076 2 2075 2077
2077 3 2034 2076 2078
2078 2 2077 2079
2079 3 2078 2080 2149
2080 2 2079 2081
2081 3 2035 2080 2082
2082 2 2081 2083
2083 3 2082 2084 2150
2084 2 2083 2085
2085 3 2036 2084 2086
2086 2 2085 2087
2087 3 2086 2088 2151
2088 2 2087 2089
2089 3 2037 2088 2090
2090 2 2089 2091
2091 3 2090 2092 2152
2092 2 2091 2093
2093 3 2038 2092 2094
2094 2 2093 2095
2095 3 2094 2096 2153
2096 2 2095 2097
2097 3 2039 2096 2098
2098 2 2097 2099
2099 3 2098 2100 2154
2100 2 2099 2101
2101 3 2040 2100 2102
2102 2 2101 2103
2103 3 2102 2104 2155
2104 2 2103 2105
2105 3 2041 2104 2106
2106 2 2105 2107
2107 3 2106 2108 2156
2108 2 2107 2109
2109 3 2042 2108 2110
2110 2 2109 2111
2111 3 2110 2112 2157
2112 2 2111 2113
2113 3 2043 2112 2114
2114 2 2113 2115
2115 3 2114 2116 2158
2116 2 2115 2117
2117 3 2044 2116 2118
2118 2 2117 2119
2119 3 2118 2120 2159
2120 2 2119 2121
2121 3 2045 2120 2122
2122 2 2121 2123
2123 3 2122 2124 2160
2124 2 2123 2125
2125 3 2046 2124 2126
2126 2 2125 2127
2127 3 2126 2128 2161
2128 2 2127 2129
2129 3 2047 2128 2130
2130 2 2129 2131
2131 3 2130 2132 2162
2132 2 2131 2133
2133 3 2048 2132 2134
2134 2 2133 2135
2135 3 2134 2136 2163
2136 2 2135 2137
2137 3 2049 2136 2138
2138 2 2137 2139
2139 3 2138 2140 2164
2140 2 2139 2141
2141 2 2050 2140
2142 2 2051 2165
2143 2 2055 2169
2144 2 2059 2173
2145 2 2063 2177
2146 2 2067 2181
2147 2 2071 2185
2148 2 2075 2189
2149 2 2079 2193
2150 2 2083 2197
2151 2 2087 2201
2152 2 2091 2205
2153 2 2095 2209
2154 2 2099 2213
2155 2 2103 2217
2156 2 2107 2221
2157 2 2111 2225
2158 2 2115 2229
2159 2 2119 2233
2160 2 2123 2237
2161 2 2127 2241
2162 2 2131 2245
2163 2 2135 2249
2164 2 2139 2253
2165 2 2142 2166
2166 2 2165 2167
2167 3 2166 2168 2256
2168 2 2167 2169
2169 3 2143 2168 2170
2170 2 2169 2171
2171 3 2170 2172 2257
2172 2 2171 2173
2173 3 2144 2172 2174
2174 2 2173 2175
2175 3 2174 2176 2258
2176 2 2175 2177
2177 3 2145 2176 2178
2178 2 2177 2179
2179 3 2178 2180 2259
2180 2 2179 2181
2181 3 2146 2180 2182
2182 2 2181 2183
2183 3 2182 2184 2260
2184 2 2183 2185
2185 3 2147 2184 2186
2186 2 2185 2187
2187 3 2186 2188 2261
2188 2 2187 2189
2189 3 2148 2188 2190
2190 2 2189 2191
2191 3 2190 2192 2262
2192 2 2191 2193
2193 3 2149 2192 2194
2194 2 2193 2195
2195 3 2194 2196 2263
2196 2 2195 2197
2197 3 2150 2196 2198
2198 2 2197 2199
2199 3 2198 2200 2264
2200 2 2199 2201
2201 3 2151 2200 2202
2202 2 2201 2203
2203 3 2202 2204 2265
2204 2 2203 2205
2205 3 2152 2204 2206
2206 2 2205 2207
2207 3 2206 2208 2266
2208 2 2207 2209
2209 3 2153 2208 2210
2210 2 2209 2211
2211 3 2210 2212 2267
2212 2 2211 2213
2213 3 2154 2212 2214
2214 2 2213 2215
2215 3 2214 2216 2268
2216 2 2215 2217
2217 3 2155 2216 2218
2218 2 2217 2219
2219 3 2218 2220 2269
2220 2 2219 2221
2221 3 2156 2220 2222
2222 2 2221 2223
2223 3 2222 2224 2270
2224 2 2223 2225
2225 3 2157 2224 2226
2226 2 2225 2227
2227 3 2226 2228 2271
2228 2 2227 2229
2229 3 2158 2228 2230
2230 2 2229 2231
2231 3 2230 2232 2272
2232 2 2231 2233
2233 3 2159 2232 2234
2234 2 2233 2235
2235 3 2234 2236 2273
2236 2 2235 2237
2237 3 2160 2236 2238
2238 2 2237 2239
2239 3 2238 2240 2274
2240 2 2239 2241
2241 3 2161 2240 2242
2242 2 2241 2243
2243 3 2242 2244 2275
2244 2 2243 2245
2245 3 2162 2244 2246
2246 2 2245 2247
2247 3 2246 2248 2276
2248 2 2247 2249
2249 3 2163 2248 2250
2250 2 2249 2251
2251 3 2250 2252 2277
2252 2 2251 2253
2253 3 2164 2252 2254
2254 2 2253 2255
2255 2 2254 2278
2256 2 2167 2281
2257 2 2171 2285
2258 2 2175 2289
2259 2 2179 2293
2260 2 2183 2297
2261 2 2187 2301
2262 2 2191 2305
2263 2 2195 2309
2264 2 2199 2313
2265 2 2203 2317
2266 2 2207 2321
2267 2 2211 2325
2268 2 2215 2329
2269 2 2219 2333
2270 2 2223 2337
2271 2 2227 2341
2272 2 2231 2345
2273 2 2235 2349
2274 2 2239 2353
2275 2 2243 2357
2276 2 2247 2361
2277 2 2251 2365
2278 2 2255 2369
2279 2 2280 2370
2280 2 2279 2281
2281 3 2256 2280 2282
2282 2 2281 2283
2283 3 2282 2284 2371
2284 2 2283 2285
2285 3 2257 2284 2286
2286 2 2285 2287
2287 3 2286 2288 2372
2288 2 2287 2289
2289 3 2258 2288 2290
2290 2 2289 2291
2291 3 2290 2292 2373
2292 2 2291 2293
2293 3 2259 2292 2294
2294 2 2293 2295
2295 3 2294 2296 2374
2296 2 2295 2297
2297 3 2260 2296 2298
2298 2 2297 2299
2299 3 2298 2300 2375
2300 2 2299 2301
2301 3 2261 2300 2302
2302 2 2301 2303
2303 3 2302 2304 2376
2304 2 2303 2305
2305 3 2262 2304 2306
2306 2 2305 2307
2307 3 2306 2308 2377
2308 2 2307 2309
2309 3 2263 2308 2310
2310 2 2309 2311
2311 3 2310 2312 2378
2312 2 2311 2313
2313 3 2264 2312 2314
2314 2 2313 2315
2315 3 2314 2316 2379
2316 2 2315 2317
2317 3 2265 2316 2318
2318 2 2317 2319
2319 3 2318 2320 2380
2320 2 2319 2321
2321 3 2266 2320 2322
2322 2 2321 2323
2323 3 2322 2324 2381
2324 2 2323 2325
2325 3 2267 2324 2326
2326 2 2325 2327
2327 3 2326 2328 2382
2328 2 2327 2329
2329 3 2268 2328 2330
2330 2 2329 2331
2331 3 2330 2332 2383
2332 2 2331 2333
2333 3 2269 2332 2334
2334 2 2333 2335
2335 3 2334 2336 2384
2336 2 2335 2337
2337 3 2270 2336 2338
2338 2 2337 2339
2339 3 2338 2340 2385
2340 2 2339 2341
2341 3 2271 2340 2342
2342 2 2341 2343
2343 3 2342 2344 2386
2344 2 2343 2345
2345 3 2272 2344 2346
2346 2 2345 2347
2347 3 2346 2348 2387
2348 2 2347 2349
2349 3 2273 2348 2350
2350 2 2349 2351
2351 3 2350 2352 2388
2352 2 2351 2353
2353 3 2274 2352 2354
2354 2 2353 2355
2355 3 2354 2356 2389
2356 2 2355 2357
2357 3 2275 2356 2358
2358 2 2357 2359
2359 3 2358 2360 2390
2360 2 2359 2361
2361 3 2276 2360 2362
2362 2 2361 2363
2363 3 2362 2364 2391
2364 2 2363 2365
2365 3 2277 2364 2366
2366 2 2365 2367
2367 3 2366 2368 2392
2368 2 2367 2369
2369 2 2278 2368
2370 2 2279 2393
2371 2 2283 2397
2372 2 2287 2401
2373 2 2291 2405
2374 2 2295 2409
2375 2 2299 2413
2376 2 2303 2417
2377 2 2307 2421
2378 2 2311 2425
2379 2 2315 2429
2380 2 2319 2433
2381 2 2323 2437
2382 2 2327 2441
2383 2 2331 2445
2384 2 2335 2449
2385 2 2339 2453
2386 2 2343 2457
2387 2 2347 2461
2388 2 2351 2465
2389 2 2355 2469
2390 2 2359 2473
2391 2 2363 2477
2392 2 2367 2481
2393 2 2370 2394
2394 2 2393 2395
2395 3 2394 2396 2484
2396 2 2395 2397
2397 3 2371 2396 2398
2398 2 2397 2399
2399 3 2398 2400 2485
2400 2 2399 2401
2401 3 2372 2400 2402
2402 2 2401 2403
2403 3 2402 2404 2486
2404 2 2403 2405
2405 3 2373 2404 2406
2406 2 2405 2407
2407 3 2406 2408 2487
2408 2 2407 2409
2409 3 2374 2408 2410
2410 2 2409 2411
2411 3 2410 2412 2488
2412 2 2411 2413
2413 3 2375 2412 2414
2414 2 2413 2415
2415 3 2414 2416 2489
2416 2 2415 2417
2417 3 2376 2416 2418
2418 2 2417 2419
2419 3 2418 2420 2490
2420 2 2419 2421
2421 3 2377 2420 2422
2422 2 2421 2423
2423 3 2422 2424 2491
2424 2 2423 2425
2425 3 2378 2424 2426
2426 2 2425 2427
2427 3 2426 2428 2492
2428 2 2427 2429
2429 3 2379 2428 2430
2430 2 2429 2431
2431 3 2430 2432 2493
2432 2 2431 2433
2433 3 2380 2432 2434
2434 2 2433 2435
2435 3 2434 2436 2494
2436 2 2435 2437
2437 3 2381 2436 2438
2438 2 2437 2439
2439 3 2438 2440 2495
2440 2 2439 2441
2441 3 2382 2440 2442
2442 2 2441 2443
2443 3 2442 2444 2496
2444 2 2443 2445
2445 3 2383 2444 2446
2446 2 2445 2447
2447 3 2446 2448 2497
2448 2 2447 2449
2449 3 2384 2448 2450
2450 2 2449 2451
2451 3 2450 2452 2498
2452 2 2451 2453
2453 3 2385 2452 2454
2454 2 2453 2455
2455 3 2454 2456 2499
2456 2 2455 2457
2457 3 2386 2456 2458
2458 2 2457 2459
2459 3 2458 2460 2500
2460 2 2459 2461
2461 3 2387 2460 2462
2462 2 2461 2463
2463 3 2462 2464 2501
2464 2 2463 2465
2465 3 2388 2464 2466
2466 2 2465 2467
2467 3 2466 2468 2502
2468 2 2467 2469
2469 3 2389 2468 2470
2470 2 2469 2471
2471 3 2470 2472 2503
2472 2 2471 2473
2473 3 2390 2472 2474
2474 2 2473 2475
2475 3 2474 2476 2504
2476 2 2475 2477
2477 3 2391 2476 2478
2478 2 2477 2479
2479 3 2478 2480 2505
2480 2 2479 2481
2481 3 2392 2480 2482
2482 2 2481 2483
2483 2 2482 2506
2484 2 2395 2509
2485 2 2399 2513
2486 2 2403 2517
2487 2 2407 2521
2488 2 2411 2525
2489 2 2415 2529
2490 2 2419 2533
2491 2 2423 2537
2492 2 2427 2541
2493 2 2431 2545
2494 2 2435 2549
2495 2 2439 2553
2496 2 2443 2557
2497 2 2447 2561
2498 2 2451 2565
2499 2 2455 2569
2500 2 2459 2573
2501 2 2463 2577
2502 2 2467 2581
2503 2 2471 2585
2504 2 2475 2589
2505 2 2479 2593
2506 2 2483 2597
2507 2 2508 2598
2508 2 2507 2509
2509 3 2484 2508 2510
2510 2 2509 2511
2511 3 2510 2512 2599
2512 2 2511 2513
2513 3 2485 2512 2514
2514 2 2513 2515
2515 3 2514 2516 2600
2516 2 2515 2517
2517 3 2486 2516 2518
2518 2 2517 2519
2519 3 2518 2520 2601
2520 2 2519 2521
2521 3 2487 2520 2522
2522 2 2521 2523
2523 3 2522 2524 2602
2524 2 2523 2525
2525 3 2488 2524 2526
2526 2 2525 2527
2527 3 2526 2528 2603
2528 2 2527 2529
2529 3 2489 2528 2530
2530 2 2529 2531
2531 3 2530 2532 2604
2532 2 2531 2533
2533 3 2490 2532 2534
2534 2 2533 2535
2535 3 2534 2536 2605
2536 2 2535 2537
2537 3 2491 2536 2538
2538 2 2537 2539
2539 3 2538 2540 2606
2540 2 2539 2541
2541 3 2492 2540 2542
2542 2 2541 2543
2543 3 2542 2544 2607
2544 2 2543 2545
2545 3 2493 2544 2546
2546 2 2545 2547
2547 3 2546 2548 2608
2548 2 2547 2549
2549 3 2494 2548 2550
2550 2 2549 2551
2551 3 2550 2552 2609
2552 2 2551 2553
2553 3 2495 2552 2554
2554 2 2553 2555
2555 3 2554 2556 2610
2556 2 2555 2557
2557 3 2496 2556 2558
2558 2 2557 2559
2559 3 2558 2560 2611
2560 2 2559 2561
2561 3 2497 2560 2562
2562 2 2561 2563
2563 3 2562 2564 2612
2564 2 2563 2565
2565 3 2498 2564 2566
2566 2 2565 2567
2567 3 2566 2568 2613
2568 2 2567 2569
2569 3 2499 2568 2570
2570 2 2569 2571
2571 3 2570 2572 2614
2572 2 2571 2573
2573 3 2500 2572 2574
2574 2 2573 2575
2575 3 2574 2576 2615
2576 2 2575 2577
2577 3 2501 2576 2578
2578 2 2577 2579
2579 3 2578 2580 2616
2580 2 2579 2581
2581 3 2502 2580 2582
2582 2 2581 2583
2583 3 2582 2584 2617
2584 2 2583 2585
2585 3 2503 2584 2586
2586 2 2585 2587
2587 3 2586 2588 2618
2588 2 2587 2589
2589 3 2504 2588 2590
2590 2 2589 2591
2591 3 2590 2592 2619
2592 2 2591 2593
2593 3 2505 2592 2594
2594 2 2593 2595
2595 3 2594 2596 2620
2596 2 2595 2597
2597 2 2506 2596
2598 2 2507 2621
2599 2 2511 2625
2600 2 2515 2629
2601 2 2519 2633
2602 2 2523 2637
2603 2 2527 2641
2604 2 2531 2645
2605 2 2535 2649
2606 2 2539 2653
2607 2 2543 2657
2608 2 2547 2661
2609 2 2551 2665
2610 2 2555 2669
2611 2 2559 2673
2612 2 2563 2677
2613 2 2567 2681
2614 2 2571 2685
2615 2 2575 2689
2616 2 2579 2693
2617 2 2583 2697
2618 2 2587 2701
2619 2 2591 2705
2620 2 2595 2709
2621 2 2598 2622
2622 2 2621 2623
2623 3 2622 2624 2712
2624 2 2623 2625
2625 3 2599 2624 2626
2626 2 2625 2627
2627 3 2626 2628 2713
2628 2 2627 2629
2629 3 2600 2628 2630
2630 2 2629 2631
2631 3 2630 2632 2714
2632 2 2631 2633
2633 3 2601 2632 2634
2634 2 2633 2635
2635 3 2634 2636 2715
2636 2 2635 2637
2637 3 2602 2636 2638
2638 2 2637 2639
2639 3 2638 2640 2716
2640 2 2639 2641
2641 3 2603 2640 2642
2642 2 2641 2643
2643 3 2642 2644 2717
2644 2 2643 2645
2645 3 2604 2644 2646
2646 2 2645 2647
2647 3 2646 2648 2718
2648 2 2647 2649
2649 3 2605 2648 2650
2650 2 2649 2651
2651 3 2650 2652 2719
2652 2 2651 2653
2653 3 2606 2652 2654
2654 2 2653 2655
2655 3 2654 2656 2720
2656 2 2655 2657
2657 3 2607 2656 2658
2658 2 2657 2659
2659 3 2658 2660 2721
2660 2 2659 2661
2661 3 2608 2660 2662
2662 2 2661 2663
2663 3 2662 2664 2722
2664 2 2663 2665
2665 3 2609 2664 2666
2666 2 2665 2667
2667 3 2666 2668 2723
2668 2 2667 2669
2669 3 2610 2668 2670
2670 2 2669 2671
2671 3 2670 2672 2724
2672 2 2671 2673
2673 3 2611 2672 2674
2674 2 2673 2675
2675 3 2674 2676 2725
2676 2 2675 2677
2677 3 2612 2676 2678
2678 2 2677 2679
2679 3 2678 2680 2726
2680 2 2679 2681
2681 3 2613 2680 2682
2682 2 2681 2683
2683 3 2682 2684 2727
2684 2 2683 2685
2685 3 2614 2684 2686
2686 2 2685 2687
2687 3 2686 2688 2728
2688 2 2687 2689
2689 3 2615 2688 2690
2690 2 2689 2691
2691 3 2690 2692 2729
2692 2 2691 2693
2693 3 2616 2692 2694
2694 2 2693 2695
2695 3 2694 2696 2730
2696 2 2695 2697
2697 3 2617 2696 2698
2698 2 2697 2699
2699 3 2698 2700 2731
2700 2 2699 2701
2701 3 2618 2700 2702
2702 2 2701 2703
2703 3 2702 2704 2732
2704 2 2703 2705
2705 3 2619 2704 2706
2706 2 2705 2707
2707 3 2706 2708 2733
2708 2 2707 2709
2709 3 2620 2708 2710
2710 2 2709 2711
2711 2 2710 2734
2712 2 2623 2737
2713 2 2627 2741
2714 2 2631 2745
2715 2 2635 2749
2716 2 2639 2753
2717 2 2643 2757
2718 2 2647 2761
2719 2 2651 2765
2720 2 2655 2769
2721 2 2659 2773
2722 2 2663 2777
2723 2 2667 2781
2724 2 2671 2785
2725 2 2675 2789
2726 2 2679 2793
2727 2 2683 2797
2728 2 2687 2801
2729 2 2691 2805
2730 2 2695 2809
2731 2 2699 2813
2732 2 2703 2817
2733 2 2707 2821
2734 2 2711 2825
2735 2 2736 2826
2736 2 2735 2737
2737 3 2712 2736 2738
2738 2 2737 2739
2739 3 2738 2740 2827
2740 2 2739 2741
2741 3 2713 2740 2742
2742 2 2741 2743
2743 3 2742 2744 2828
2744 2 2743 2745
2745 3 2714 2744 2746
2746 2 2745 2747
2747 3 2746 2748 2829
2748 2 2747 2749
2749 3 2715 2748 2750
2750 2 2749 2751
2751 3 2750 2752 2830
2752 2 2751 2753
2753 3 2716 2752 2754
2754 2 2753 2755
2755 3 2754 2756 2831
2756 2 2755 2757
2757 3 2717 2756 2758
2758 2 2757 2759
2759 3 2758 2760 2832
2760 2 2759 2761
2761 3 2718 2760 2762
2762 2 2761 2763
2763 3 2762 2764 2833
2764 2 2763 2765
2765 3 2719 2764 2766
2766 2 2765 2767
2767 3 2766 2768 2834
2768 2 2767 2769
2769 3 2720 2768 2770
2770 2 2769 2771
2771 3 2770 2772 2835
2772 2 2771 2773
2773 3 2721 2772 2774
2774 2 2773 2775
2775 3 2774 2776 2836
2776 2 2775 2777
2777 3 2722 2776 2778
2778 2 2777 2779
2779 3 2778 2780 2837
2780 2 2779 2781
2781 3 2723 2780 2782
2782 2 2781 2783
2783 3 2782 2784 2838
2784 2 2783 2785
2785 3 2724 2784 2786
2786 2 2785 2787
2787 3 2786 2788 2839
2788 2 2787 2789
2789 3 2725 2788 2790
2790 2 2789 2791
2791 3 2790 2792 2840
2792 2 2791 2793
2793 3 2726 2792 2794
2794 2 2793 2795
2795 3 2794 2796 2841
2796 2 2795 2797
2797 3 2727 2796 2798
2798 2 2797 2799
2799 3 2798 2800 2842
2800 2 2799 2801
2801 3 2728 2800 2802
2802 2 2801 2803
2803 3 2802 2804 2843
2804 2 2803 2805
2805 3 2729 2804 2806
2806 2 2805 2807
2807 3 2806 2808 2844
2808 2 2807 2809
2809 3 2730 2808 2810
2810 2 2809 2811
2811 3 2810 2812 2845
2812 2 2811 2813
2813 3 2731 2812 2814
2814 2 2813 2815
2815 3 2814 2816 2846
2816 2 2815 2817
2817 3 2732 2816 2818
2818 2 2817 2819
2819 3 2818 2820 2847
2820 2 2819 2821
2821 3 2733 2820 2822
2822 2 2821 2823
2823 3 2822 2824 2848
2824 2 2823 2825
2825 2 2734 2824
2826 2 2735 2849
2827 2 2739 2853
2828 2 2743 2857
2829 2 2747 2861
2830 2 2751 2865
2831 2 2755 2869
2832 2 2759 2873
2833 2 2763 2877
2834 2 2767 2881
2835 2 2771 2885
2836 2 2775 2889
2837 2 2779 2893
2838 2 2783 2897
2839 2 2787 2901
2840 2 2791 2905
2841 2 2795 2909
2842 2 2799 2913
2843 2 2803 2917
2844 2 2807 2921
2845 2 2811 2925
2846 2 2815 2929
2847 2 2819 2933
2848 2 2823 2937
2849 2 2826 2850
2850 2 2849 2851
2851 3 2850 2852 2940
2852 2 2851 2853
2853 3 2827 2852 2854
2854 2 2853 2855
2855 3 2854 2856 2941
2856 2 2855 2857
2857 3 2828 2856 2858
2858 2 2857 2859
2859 3 2858 2860 2942
2860 2 2859 2861
2861 3 2829 2860 2862
2862 2 2861 2863
2863 3 2862 2864 2943
2864 2 2863 2865
2865 3 2830 2864 2866
2866 2 2865 2867
2867 3 2866 2868 2944
2868 2 2867 2869
2869 3 2831 2868 2870
2870 2 2869 2871
2871 3 2870 2872 2945
2872 2 2871 2873
2873 3 2832 2872 2874
2874 2 2873 2875
2875 3 2874 2876 2946
2876 2 2875 2877
2877 3 2833 2876 2878
2878 2 2877 2879
2879 3 2878 2880 2947
2880 2 2879 2881
2881 3 2834 2880 2882
2882 2 2881 2883
2883 3 2882 2884 2948
2884 2 2883 2885
2885 3 2835 2884 2886
2886 2 2885 2887
2887 3 2886 2888 2949
2888 2 2887 2889
2889 3 2836 2888 2890
2890 2 2889 2891
2891 3 2890 2892 2950
2892 2 2891 2893
2893 3 2837 2892 2894
2894 2 2893 2895
2895 3 2894 2896 2951
2896 2 2895 2897
2897 3 2838 2896 2898
2898 2 2897 2899
2899 3 2898 2900 2952
2900 2 2899 2901
2901 3 2839 2900 2902
2902 2 2901 2903
2903 3 2902 2904 2953
2904 2 2903 2905
2905 3 2840 2904 2906
2906 2 2905 2907
2907 3 2906 2908 2954
2908 2 2907 2909
2909 3 2841 2908 2910
2910 2 2909 2911
2911 3 2910 2912 2955
2912 2 2911 2913
2913 3 2842 2912 2914
2914 2 2913 2915
2915 3 2914 2916 2956
2916 2 2915 2917
2917 3 2843 2916 2918
2918 2 2917 2919
2919 3 2918 2920 2957
2920 2 2919 2921
2921 3 2844 2920 2922
2922 2 2921 2923
2923 3 2922 2924 2958
2924 2 2923 2925
2925 3 2845 2924 2926
2926 2 2925 2927
2927 3 2926 2928 2959
2928 2 2927 2929
2929 3 2846 2928 2930
2930 2 2929 2931
2931 3 2930 2932 2960
2932 2 2931 2933
2933 3 2847 2932 2934
2934 2 2933 2935
2935 3 2934 2936 2961
2936 2 2935 2937
2937 3 2848 2936 2938
2938 2 2937 2939
2939 2 2938 2962
2940 2 2851 2965
2941 2 2855 2969
2942 2 2859 2973
2943 2 2863 2977
2944 2 2867 2981
2945 2 2871 2985
2946 2 2875 2989
2947 2 2879 2993
2948 2 2883 2997
2949 2 2887 3001
2950 2 2891 3005
2951 2 2895 3009
2952 2 2899 3013
2953 2 2903 3017
2954 2 2907 3021
2955 2 2911 3025
2956 2 2915 3029
2957 2 2919 3033
2958 2 2923 3037
2959 2 2927 3041
2960 2 2931 3045
2961 2 2935 3049
2962 2 2939 3053
2963 2 2964 3054
2964 2 2963 2965
2965 3 2940 2964 2966
2966 2 2965 2967
2967 3 2966 2968 3055
2968 2 2967 2969
2969 3 2941 2968 2970
2970 2 2969 2971
2971 3 2970 2972 3056
2972 2 2971 2973
2973 3 2942 2972 2974
2974 2 2973 2975
2975 3 2974 2976 3057
2976 2 2975 2977
2977 3 2943 2976 2978
2978 2 2977 2979
2979 3 2978 2980 3058
2980 2 2979 2981
2981 3 2944 2980 2982
2982 2 2981 2983
2983 3 2982 2984 3059
2984 2 2983 2985
2985 3 2945 2984 2986
2986 2 2985 2987
2987 3 2986 2988 3060
2988 2 2987 2989
2989 3 2946 2988 2990
2990 2 2989 2991
2991 3 2990 2992 3061
2992 2 2991 2993
2993 3 2947 2992 2994
2994 2 2993 2995
2995 3 2994 2996 3062
2996 2 2995 2997
2997 3 2948 2996 2998
2998 2 2997 2999
2999 3 2998 3000 3063
3000 2 2999 3001
3001 3 2949 3000 3002
3002 2 3001 3003
3003 3 3002 3004 3064
3004 2 3003 3005
3005 3 2950 3004 3006
3006 2 3005 3007
3007 3 3006 3008 3065
3008 2 3007 3009
3009 3 2951 3008 3010
3010 2 3009 3011
3011 3 3010 3012 3066
3012 2 3011 3013
3013 3 2952 3012 3014
3014 2 3013 3015
3015 3 3014 3016 3067
3016 2 3015 3017
3017 3 2953 3016 3018
3018 2 3017 3019
3019 3 3018 3020 3068
3020 2 3019 3021
3021 3 2954 3020 3022
3022 2 3021 3023
3023 3 3022 3024 3069
3024 2 3023 3025
3025 3 2955 3024 3026
3026 2 3025 3027
3027 3 3026 3028 3070
3028 2 3027 3029
3029 3 2956 3028 3030
3030 2 3029 3031
3031 3 3030 3032 3071
3032 2 3031 3033
3033 3 2957 3032 3034
3034 2 3033 3035
3035 3 3034 3036 3072
3036 2 3035 3037
3037 3 2958 3036 3038
3038 2 3037 3039
3039 3 3038 3040 3073
3040 2 3039 3041
3041 3 2959 3040 3042
3042 2 3041 3043
3043 3 3042 3044 3074
3044 2 3043 3045
3045 3 2960 3044 3046
3046 2 3045 3047
3047 3 3046 3048 3075
3048 2 3047 3049
3049 3 2961 3048 3050
3050 2 3049 3051
3051 3 3050 3052 3076
3052 2 3051 3053
3053 2 2962 3052
3054 2 2963 3077
3055 2 2967 3081
3056 2 2971 3085
3057 2 2975 3089
3058 2 2979 3093
3059 2 2983 3097
3060 2 2987 3101
3061 2 2991 3105
3062 2 2995 3109
3063 2 2999 3113
3064 2 3003 3117
3065 2 3007 3121
3066 2 3011 3125
3067 2 3015 3129
3068 2 3019 3133
3069 2 3023 3137
3070 2 3027 3141
3071 2 3031 3145
3072 2 3035 3149
3073 2 3039 3153
3074 2 3043 3157
3075 2 3047 3161
3076 2 3051 3165
3077 2 3054 3078
3078 2 3077 3079
3079 3 3078 3080 3168
3080 2 3079 3081
3081 3 3055 3080 3082
3082 2 3081 3083
3083 3 3082 3084 3169
3084 2 3083 3085
3085 3 3056 3084 3086
3086 2 3085 3087
3087 3 3086 3088 3170
3088 2 3087 3089
3089 3 3057 3088 3090
3090 2 3089 3091
3091 3 3090 3092 3171
3092 2 3091 3093
3093 3 3058 3092 3094
3094 2 3093 3095
3095 3 3094 3096 3172
3096 2 3095 3097
3097 3 3059 3096 3098
3098 2 3097 3099
3099 3 3098 3100 3173
3100 2 3099 3101
3101 3 3060 3100 3102
3102 2 3101 3103
3103 3 3102 3104 3174
3104 2 3103 3105
3105 3 3061 3104 3106
3106 2 3105 3107
3107 3 3106 3108 3175
3108 2 3107 3109
3109 3 3062 3108 3110
3110 2 3109 3111
3111 3 3110 3112 3176
3112 2 3111 3113
3113 3 3063 3112 3114
3114 2 3113 3115
3115 3 3114 3116 3177
3116 2 3115 3117
3117 3 3064 3116 3118
3118 2 3117 3119
3119 3 3118 3120 3178
3120 2 3119 3121
3121 3 3065 3120 3122
3122 2 3121 3123
3123 3 3122 3124 3179
3124 2 3123 3125
3125 3 3066 3124 3126
3126 2 3125 3127
3127 3 3126 3128 3180
3128 2 3127 3129
3129 3 3067 3128 3130
3130 2 3129 3131
3131 3 3130 3132 3181
3132 2 3131 3133
3133 3 3068 3132 3134
3134 2 3133 3135
3135 3 3134 3136 3182
3136 2 3135 3137
3137 3 3069 3136 3138
3138 2 3137 3139
3139 3 3138 3140 3183
3140 2 3139 3141
3141 3 3070 3140 3142
3142 2 3141 3143
3143 3 3142 3144 3184
3144 2 3143 3145
3145 3 3071 3144 3146
3146 2 3145 3147
3147 3 3146 3148 3185
3148 2 3147 3149
3149 3 3072 3148 3150
3150 2 3149 3151
3151 3 3150 3152 3186
3152 2 3151 3153
3153 3 3073 3152 3154
3154 2 3153 3155
3155 3 3154 3156 3187
3156 2 3155 3157
3157 3 3074 3156 3158
3158 2 3157 3159
3159 3 3158 3160 3188
3160 2 3159 3161
3161 3 3075 3160 3162
3162 2 3161 3163
3163 3 3162 3164 3189
3164 2 3163 3165
3165 3 3076 3164 3166
3166 2 3165 3167
3167 2 3166 3190
3168 2 3079 3193
3169 2 3083 3197
3170 2 3087 3201
3171 2 3091 3205
3172 2 3095 3209
3173 2 3099 3213
3174 2 3103 3217
3175 2 3107 3221
3176 2 3111 3225
3177 2 3115 3229
3178 2 3119 3233
3179 2 3123 3237
3180 2 3127 3241
3181 2 3131 3245
3182 2 3135 3249
3183 2 3139 3253
3184 2 3143 3257
3185 2 3147 3261
3186 2 3151 3265
3187 2 3155 3269
3188 2 3159 3273
3189 2 3163 3277
3190 2 3167 3281
3191 2 3192 3282
3192 2 3191 3193
3193 3 3168 3192 3194
3194 2 3193 3195
3195 3 3194 3196 3283
3196 2 3195 3197
3197 3 3169 3196 3198
3198 2 3197 3199
3199 3 3198 3200 3284
3200 2 3199 3201
3201 3 3170 3200 3202
3202 2 3201 3203
3203 3 3202 3204 3285
3204 2 3203 3205
3205 3 3171 3204 3206
3206 2 3205 3207
3207 3 3206 3208 3286
3208 2 3207 3209
3209 3 3172 3208 3210
3210 2 3209 3211
3211 3 3210 3212 3287
3212 2 3211 3213
3213 3 3173 3212 3214
3214 2 3213 3215
3215 3 3214 3216 3288
3216 2 3215 3217
3217 3 3174 3216 3218
3218 2 3217 3219
3219 3 3218 3220 3289
3220 2 3219 3221
3221 3 3175 3220 3222
3222 2 3221 3223
3223 3 3222 3224 3290
3224 2 3223 3225
3225 3 3176 3224 3226
3226 2 3225 3227
3227 3 3226 3228 3291
3228 2 3227 3229
3229 3 3177 3228 3230
3230 2 3229 3231
3231 3 3230 3232 3292
3232 2 3231 3233
3233 3 3178 3232 3234
3234 2 3233 3235
3235 3 3234 3236 3293
3236 2 3235 3237
3237 3 3179 3236 3238
3238 2 3237 3239
3239 3 3238 3240 3294
3240 2 3239 3241
3241 3 3180 3240 3242
3242 2 3241 3243
3243 3 3242 3244 3295
3244 2 3243 3245
3245 3 3181 3244 3246
3246 2 3245 3247
3247 3 3246 3248 3296
3248 2 3247 3249
3249 3 3182 3248 3250
3250 2 3249 3251
3251 3 3250 3252 3297
3252 2 3251 3253
3253 3 3183 3252 3254
3254 2 3253 3255
3255 3 3254 3256 3298
3256 2 3255 3257
3257 3 3184 3256 3258
3258 2 3257 3259
3259 3 3258 3260 3299
3260 2 3259 3261
3261 3 3185 3260 3262
3262 2 3261 3263
3263 3 3262 3264 3300
3264 2 3263 3265
3265 3 3186 3264 3266
3266 2 3265 3267
3267 3 3266 3268 3301
3268 2 3267 3269
3269 3 3187 3268 3270
3270 2 3269 3271
3271 3 3270 3272 3302
3272 2 3271 3273
3273 3 3188 3272 3274
3274 2 3273 3275
3275 3 3274 3276 3303
3276 2 3275 3277
3277 3 3189 3276 3278
3278 2 3277 3279
3279 3 3278 3280 3304
3280 2 3279 3281
3281 2 3190 3280
3282 2 3191 3305
3283 2 3195 3309
3284 2 3199 3313
3285 2 3203 3317
3286 2 3207 3321
3287 2 3211 3325
3288 2 3215 3329
3289 2 3219 3333
3290 2 3223 3337
3291 2 3227 3341
3292 2 3231 3345
3293 2 3235 3349
3294 2 3239 3353
3295 2 3243 3357
3296 2 3247 3361
3297 2 3251 3365
3298 2 3255 3369
3299 2 3259 3373
3300 2 3263 3377
3301 2 3267 3381
3302 2 3271 3385
3303 2 3275 3389
3304 2 3279 3393
3305 2 3282 3306
3306 2 3305 3307
3307 3 3306 3308 3396
3308 2 3307 3309
3309 3 3283 3308 3310
3310 2 3309 3311
3311 3 3310 3312 3397
3312 2 3311 3313
3313 3 3284 3312 3314
3314 2 3313 3315
3315 3 3314 3316 3398
3316 2 3315 3317
3317 3 3285 3316 3318
3318 2 3317 3319
3319 3 3318 3320 3399
3320 2 3319 3321
3321 3 3286 3320 3322
3322 2 3321 3323
3323 3 3322 3324 3400
3324 2 3323 3325
3325 3 3287 3324 3326
3326 2 3325 3327
3327 3 3326 3328 3401
3328 2 3327 3329
3329 3 3288 3328 3330
3330 2 3329 3331
3331 3 3330 3332 3402
3332 2 3331 3333
3333 3 3289 3332 3334
3334 2 3333 3335
3335 3 3334 3336 3403
3336 2 3335 3337
3337 3 3290 3336 3338
3338 2 3337 3339
3339 3 3338 3340 3404
3340 2 3339 3341
3341 3 3291 3340 3342
3342 2 3341 3343
3343 3 3342 3344 3405
3344 2 3343 3345
3345 3 3292 3344 3346
3346 2 3345 3347
3347 3 3346 3348 3406
3348 2 3347 3349
3349 3 3293 3348 3350
3350 2 3349 3351
3351 3 3350 3352 3407
3352 2 3351 3353
3353 3 3294 3352 3354
3354 2 3353 3355
3355 3 3354 3356 3408
3356 2 3355 3357
3357 3 3295 3356 3358
3358 2 3357 3359
3359 3 3358 3360 3409
3360 2 3359 3361
3361 3 3296 3360 3362
3362 2 3361 3363
3363 3 3362 3364 3410
3364 2 3363 3365
3365 3 3297 3364 3366
3366 2 3365 3367
3367 3 3366 3368 3411
3368 2 3367 3369
3369 3 3298 3368 3370
3370 2 3369 3371
3371 3 3370 3372 3412
3372 2 3371 3373
3373 3 3299 3372 3374
3374 2 3373 3375
3375 3 3374 3376 3413
3376 2 3375 3377
3377 3 3300 3376 3378
3378 2 3377 3379
3379 3 3378 3380 3414
3380 2 3379 3381
3381 3 3301 3380 3382
3382 2 3381 3383
3383 3 3382 3384 3415
3384 2 3383 3385
3385 3 3302 3384 3386
3386 2 3385 3387
3387 3 3386 3388 3416
3388 2 3387 3389
3389 3 3303 3388 3390
3390 2 3389 3391
3391 3 3390 3392 3417
3392 2 3391 3393
3393 3 3304 3392 3394
3394 2 3393 3395
3395 2 3394 3418
3396 2 3307 3421
3397 2 3311 3425
3398 2 3315 3429
3399 2 3319 3433
3400 2 3323 3437
3401 2 3327 3441
3402 2 3331 3445
3403 2 3335 3449
3404 2 3339 3453
3405 2 3343 3457
3406 2 3347 3461
3407 2 3351 3465
3408 2 3355 3469
3409 2 3359 3473
3410 2 3363 3477
3411 2 3367 3481
3412 2 3371 3485
3413 2 3375 3489
3414 2 3379 3493
3415 2 3383 3497
3416 2 3387 3501
3417 2 3391 3505
3418 2 3395 3509
3419 2 3420 3510
3420 2 3419 3421
3421 3 3396 3420 3422
3422 2 3421 3423
3423 3 3422 3424 3511
3424 2 3423 3425
3425 3 3397 3424 3426
3426 2 3425 3427
3427 3 3426 3428 3512
3428 2 3427 3429
3429 3 3398 3428 3430
3430 2 3429 3431
3431 3 3430 3432 3513
3432 2 3431 3433
3433 3 3399 3432 3434
3434 2 3433 3435
3435 3 3434 3436 3514
3436 2 3435 3437
3437 3 3400 3436 3438
3438 2 3437 3439
3439 3 3438 3440 3515
3440 2 3439 3441
3441 3 3401 3440 3442
3442 2 3441 3443
3443 3 3442 3444 3516
3444 2 3443 3445
3445 3 3402 3444 3446
3446 2 3445 3447
3447 3 3446 3448 3517
3448 2 3447 3449
3449 3 3403 3448 3450
3450 2 3449 3451
3451 3 3450 3452 3518
3452 2 3451 3453
3453 3 3404 3452 3454
3454 2 3453 3455
3455 3 3454 3456 3519
3456 2 3455 3457
3457 3 3405 3456 3458
3458 2 3457 3459
3459 3 3458 3460 3520
3460 2 3459 3461
3461 3 3406 3460 3462
3462 2 3461 3463
3463 3 3462 3464 3521
3464 2 3463 3465
3465 3 3407 3464 3466
3466 2 3465 3467
3467 3 3466 3468 3522
3468 2 3467 3469
3469 3 3408 3468 3470
3470 2 3469 3471
3471 3 3470 3472 3523
3472 2 3471 3473
3473 3 3409 3472 3474
3474 2 3473 3475
3475 3 3474 3476 3524
3476 2 3475 3477
3477 3 3410 3476 3478
3478 2 3477 3479
3479 3 3478 3480 3525
3480 2 3479 3481
3481 3 3411 3480 3482
3482 2 3481 3483
3483 3 3482 3484 3526
3484 2 3483 3485
3485 3 3412 3484 3486
3486 2 3485 3487
3487 3 3486 3488 3527
3488 2 3487 3489
3489 3 3413 3488 3490
3490 2 3489 3491
3491 3 3490 3492 3528
3492 2 3491 3493
3493 3 3414 3492 3494
3494 2 3493 3495
3495 3 3494 3496 3529
3496 2 3495 3497
3497 3 3415 3496 3498
3498 2 3497 3499
3499 3 3498 3500 3530
3500 2 3499 3501
3501 3 3416 3500 3502
3502 2 3501 3503
3503 3 3502 3504 3531
3504 2 3503 3505
3505 3 3417 3504 3506
3506 2 3505 3507
3507 3 3506 3508 3532
3508 2 3507 3509
3509 2 3418 3508
3510 2 3419 3533
3511 2 3423 3537
3512 2 3427 3541
3513 2 3431 3545
3514 2 3435 3549
3515 2 3439 3553
3516 2 3443 3557
3517 2 3447 3561
3518 2 3451 3565
3519 2 3455 3569
3520 2 3459 3573
3521 2 3463 3577
3522 2 3467 3581
3523 2 3471 3585
3524 2 3475 3589
3525 2 3479 3593
3526 2 3483 3597
3527 2 3487 3601
3528 2 3491 3605
3529 2 3495 3609
3530 2 3499 3613
3531 2 3503 3617
3532 2 3507 3621
3533 2 3510 3534
3534 2 3533 3535
3535 3 3534 3536 3624
3536 2 3535 3537
3537 3 3511 3536 3538
3538 2 3537 3539
3539 3 3538 3540 3625
3540 2 3539 3541
3541 3 3512 3540 3542
3542 2 3541 3543
3543 3 3542 3544 3626
3544 2 3543 3545
3545 3 3513 3544 3546
3546 2 3545 3547
3547 3 3546 3548 3627
3548 2 3547 3549
3549 3 3514 3548 3550
3550 2 3549 3551
3551 3 3550 3552 3628
3552 2 3551 3553
3553 3 3515 3552 3554
3554 2 3553 3555
3555 3 3554 3556 3629
3556 2 3555 3557
3557 3 3516 3556 3558
3558 2 3557 3559
3559 3 3558 3560 3630
3560 2 3559 3561
3561 3 3517 3560 3562
3562 2 3561 3563
3563 3 3562 3564 3631
3564 2 3563 3565
3565 3 3518 3564 3566
3566 2 3565 3567
3567 3 3566 3568 3632
3568 2 3567 3569
3569 3 3519 3568 3570
3570 2 3569 3571
3571 3 3570 3572 3633
3572 2 3571 3573
3573 3 3520 3572 3574
3574 2 3573 3575
3575 3 3574 3576 3634
3576 2 3575 3577
3577 3 3521 3576 3578
3578 2 3577 3579
3579 3 3578 3580 3635
3580 2 3579 3581
3581 3 3522 3580 3582
3582 2 3581 3583
3583 3 3582 3584 3636
3584 2 3583 3585
3585 3 3523 3584 3586
3586 2 3585 3587
3587 3 3586 3588 3637
3588 2 3587 3589
3589 3 3524 3588 3590
3590 2 3589 3591
3591 3 3590 3592 3638
3592 2 3591 3593
3593 3 3525 3592 3594
3594 2 3593 3595
3595 3 3594 3596 3639
3596 2 3595 3597
3597 3 3526 3596 3598
3598 2 3597 3599
3599 3 3598 3600 3640
3600 2 3599 3601
3601 3 3527 3600 3602
3602 2 3601 3603
3603 3 3602 3604 3641
3604 2 3603 3605
3605 3 3528 3604 3606
3606 2 3605 3607
3607 3 3606 3608 3642
3608 2 3607 3609
3609 3 3529 3608 3610
3610 2 3609 3611
3611 3 3610 3612 3643
3612 2 3611 3613
3613 3 3530 3612 3614
3614 2 3613 3615
3615 3 3614 3616 3644
3616 2 3615 3617
3617 3 3531 3616 3618
3618 2 3617 3619
3619 3 3618 3620 3645
3620 2 3619 3621
3621 3 3532 3620 3622
3622 2 3621 3623
3623 2 3622 3646
3624 2 3535 3649
3625 2 3539 3653
3626 2 3543 3657
3627 2 3547 3661
3628 2 3551 3665
3629 2 3555 3669
3630 2 3559 3673
3631 2 3563 3677
3632 2 3567 3681
3633 2 3571 3685
3634 2 3575 3689
3635 2 3579 3693
3636 2 3583 3697
3637 2 3587 3701
3638 2 3591 3705
3639 2 3595 3709
3640 2 3599 3713
3641 2 3603 3717
3642 2 3607 3721
3643 2 3611 3725
3644 2 3615 3729
3645 2 3619 3733
3646 2 3623 3737
3647 2 3648 3738
3648 2 3647 3649
3649 3 3624 3648 3650
3650 2 3649 3651
3651 3 3650 3652 3739
3652 2 3651 3653
3653 3 3625 3652 3654
3654 2 3653 3655
3655 3 3654 3656 3740
3656 2 3655 3657
3657 3 3626 3656 3658
3658 2 3657 3659
3659 3 3658 3660 3741
3660 2 3659 3661
3661 3 3627 3660 3662
3662 2 3661 3663
3663 3 3662 3664 3742
3664 2 3663 3665
3665 3 3628 3664 3666
3666 2 3665 3667
3667 3 3666 3668 3743
3668 2 3667 3669
3669 3 3629 3668 3670
3670 2 3669 3671
3671 3 3670 3672 3744
3672 2 3671 3673
3673 3 3630 3672 3674
3674 2 3673 3675
3675 3 3674 3676 3745
3676 2 3675 3677
3677 3 3631 3676 3678
3678 2 3677 3679
3679 3 3678 3680 3746
3680 2 3679 3681
3681 3 3632 3680 3682
3682 2 3681 3683
3683 3 3682 3684 3747
3684 2 3683 3685
3685 3 3633 3684 3686
3686 2 3685 3687
3687 3 3686 3688 3748
3688 2 3687 3689
3689 3 3634 3688 3690
3690 2 3689 3691
3691 3 3690 3692 3749
3692 2 3691 3693
3693 3 3635 3692 3694
3694 2 3693 3695
3695 3 3694 3696 3750
3696 2 3695 3697
3697 3 3636 3696 3698
3698 2 3697 3699
3699 3 3698 3700 3751
3700 2 3699 3701
3701 3 3637 3700 3702
3702 2 3701 3703
3703 3 3702 3704 3752
3704 2 3703 3705
3705 3 3638 3704 3706
3706 2 3705 3707
3707 3 3706 3708 3753
3708 2 3707 3709
3709 3 3639 3708 3710
3710 2 3709 3711
3711 3 3710 3712 3754
3712 2 3711 3713
3713 3 3640 3712 3714
3714 2 3713 3715
3715 3 3714 3716 3755
3716 2 3715 3717
3717 3 3641 3716 3718
3718 2 3717 3719
3719 3 3718 3720 3756
3720 2 3719 3721
3721 3 3642 3720 3722
3722 2 3721 3723
3723 3 3722 3724 3757
3724 2 3723 3725
3725 3 3643 3724 3726
3726 2 3725 3727
3727 3 3726 3728 3758
3728 2 3727 3729
3729 3 3644 3728 3730
3730 2 3729 3731
3731 3 3730 3732 3759
3732 2 3731 3733
3733 3 3645 3732 3734
3734 2 3733 3735
3735 3 3734 3736 3760
3736 2 3735 3737
3737 2 3646 3736
3738 2 3647 3761
3739 2 3651 3765
3740 2 3655 3769
3741 2 3659 3773
3742 2 3663 3777
3743 2 3667 3781
3744 2 3671 3785
3745 2 3675 3789
3746 2 3679 3793
3747 2 3683 3797
3748 2 3687 3801
3749 2 3691 3805
3750 2 3695 3809
3751 2 3699 3813
3752 2 3703 3817
3753 2 3707 3821
3754 2 3711 3825
3755 2 3715 3829
3756 2 3719 3833
3757 2 3723 3837
3758 2 3727 3841
3759 2 3731 3845
3760 2 3735 3849
3761 2 3738 3762
3762 2 3761 3763
3763 3 3762 3764 3852
3764 2 3763 3765
3765 3 3739 3764 3766
3766 2 3765 3767
3767 3 3766 3768 3853
3768 2 3767 3769
3769 3 3740 3768 3770
3770 2 3769 3771
3771 3 3770 3772 3854
3772 2 3771 3773
3773 3 3741 3772 3774
3774 2 3773 3775
3775 3 3774 3776 3855
3776 2 3775 3777
3777 3 3742 3776 3778
3778 2 3777 3779
3779 3 3778 3780 3856
3780 2 3779 3781
3781 3 3743 3780 3782
3782 2 3781 3783
3783 3 3782 3784 3857
3784 2 3783 3785
3785 3 3744 3784 3786
3786 2 3785 3787
3787 3 3786 3788 3858
3788 2 3787 3789
3789 3 3745 3788 3790
3790 2 3789 3791
3791 3 3790 3792 3859
3792 2 3791 3793
3793 3 3746 3792 3794
3794 2 3793 3795
3795 3 3794 3796 3860
3796 2 3795 3797
3797 3 3747 3796 3798
3798 2 3797 3799
3799 3 3798 3800 3861
3800 2 3799 3801
3801 3 3748 3800 3802
3802 2 3801 3803
3803 3 3802 3804 3862
3804 2 3803 3805
3805 3 3749 3804 3806
3806 2 3805 3807
3807 3 3806 3808 3863
3808 2 3807 3809
3809 3 3750 3808 3810
3810 2 3809 3811
3811 3 3810 3812 3864
3812 2 3811 3813
3813 3 3751 3812 3814
3814 2 3813 3815
3815 3 3814 3816 3865
3816 2 3815 3817
3817 3 3752 3816 3818
3818 2 3817 3819
3819 3 3818 3820 3866
3820 2 3819 3821
3821 3 3753 3820 3822
3822 2 3821 3823
3823 3 3822 3824 3867
3824 2 3823 3825
3825 3 3754 3824 3826
3826 2 3825 3827
3827 3 3826 3828 3868
3828 2 3827 3829
3829 3 3755 3828 3830
3830 2 3829 3831
3831 3 3830 3832 3869
3832 2 3831 3833
3833 3 3756 3832 3834
3834 2 3833 3835
3835 3 3834 3836 3870
3836 2 3835 3837
3837 3 3757 3836 3838
3838 2 3837 3839
3839 3 3838 3840 3871
3840 2 3839 3841
3841 3 3758 3840 3842
3842 2 3841 3843
3843 3 3842 3844 3872
3844 2 3843 3845
3845 3 3759 3844 3846
3846 2 3845 3847
3847 3 3846 3848 3873
3848 2 3847 3849
3849 3 3760 3848 3850
3850 2 3849 3851
3851 2 3850 3874
3852 2 3763 3877
3853 2 3767 3881
3854 2 3771 3885
3855 2 3775 3889
3856 2 3779 3893
3857 2 3783 3897
3858 2 3787 3901
3859 2 3791 3905
3860 2 3795 3909
3861 2 3799 3913
3862 2 3803 3917
3863 2 3807 3921
3864 2 3811 3925
3865 2 3815 3929
3866 2 3819 3933
3867 2 3823 3937
3868 2 3827 3941
3869 2 3831 3945
3870 2 3835 3949
3871 2 3839 3953
3872 2 3843 3957
3873 2 3847 3961
3874 2 3851 3965
3875 2 3876 3966
3876 2 3875 3877
3877 3 3852 3876 3878
3878 2 3877 3879
3879 3 3878 3880 3967
3880 2 3879 3881
3881 3 3853 3880 3882
3882 2 3881 3883
3883 3 3882 3884 3968
3884 2 3883 3885
3885 3 3854 3884 3886
3886 2 3885 3887
3887 3 3886 3888 3969
3888 2 3887 3889
3889 3 3855 3888 3890
3890 2 3889 3891
3891 3 3890 3892 3970
3892 2 3891 3893
3893 3 3856 3892 3894
3894 2 3893 3895
3895 3 3894 3896 3971
3896 2 3895 3897
3897 3 3857 3896 3898
3898 2 3897 3899
3899 3 3898 3900 3972
3900 2 3899 3901
3901 3 3858 3900 3902
3902 2 3901 3903
3903 3 3902 3904 3973
3904 2 3903 3905
3905 3 3859 3904 3906
3906 2 3905 3907
3907 3 3906 3908 3974
3908 2 3907 3909
3909 3 3860 3908 3910
3910 2 3909 3911
3911 3 3910 3912 3975
3912 2 3911 3913
3913 3 3861 3912 3914
3914 2 3913 3915
3915 3 3914 3916 3976
3916 2 3915 3917
3917 3 3862 3916 3918
3918 2 3917 3919
3919 3 3918 3920 3977
3920 2 3919 3921
3921 3 3863 3920 3922
3922 2 3921 3923
3923 3 3922 3924 3978
3924 2 3923 3925
3925 3 3864 3924 3926
3926 2 3925 3927
3927 3 3926 3928 3979
3928 2 3927 3929
3929 3 3865 3928 3930
3930 2 3929 3931
3931 3 3930 3932 3980
3932 2 3931 3933
3933 3 3866 3932 3934
3934 2 3933 3935
3935 3 3934 3936 3981
3936 2 3935 3937
3937 3 3867 3936 3938
3938 2 3937 3939
3939 3 3938 3940 3982
3940 2 3939 3941
3941 3 3868 3940 3942
3942 2 3941 3943
3943 3 3942 3944 3983
3944 2 3943 3945
3945 3 3869 3944 3946
3946 2 3945 3947
3947 3 3946 3948 3984
3948 2 3947 3949
3949 3 3870 3948 3950
3950 2 3949 3951
3951 3 3950 3952 3985
3952 2 3951 3953
3953 3 3871 3952 3954
3954 2 3953 3955
3955 3 3954 3956 3986
3956 2 3955 3957
3957 3 3872 3956 3958
3958 2 3957 3959
3959 3 3958 3960 3987
3960 2 3959 3961
3961 3 3873 3960 3962
3962 2 3961 3963
3963 3 3962 3964 3988
3964 2 3963 3965
3965 2 3874 3964
3966 2 3875 3989
3967 2 3879 3993
3968 2 3883 3997
3969 2 3887 4001
3970 2 3891 4005
3971 2 3895 4009
3972 2 3899 4013
3973 2 3903 4017
3974 2 3907 4021
3975 2 3911 4025
3976 2 3915 4029
3977 2 3919 4033
3978 2 3923 4037
3979 2 3927 4041
3980 2 3931 4045
3981 2 3935 4049
3982 2 3939 4053
3983 2 3943 4057
3984 2 3947 4061
3985 2 3951 4065
3986 2 3955 4069
3987 2 3959 4073
3988 2 3963 4077
3989 2 3966 3990
3990 2 3989 3991
3991 3 3990 3992 4080
3992 2 3991 3993
3993 3 3967 3992 3994
3994 2 3993 3995
3995 3 3994 3996 4081
3996 2 3995 3997
3997 3 3968 3996 3998
3998 2 3997 3999
3999 3 3998 4000 4082
4000 2 3999 4001
4001 3 3969 4000 4002
4002 2 4001 4003
4003 3 4002 4004 4083
4004 2 4003 4005
4005 3 3970 4004 4006
4006 2 4005 4007
4007 3 4006 4008 4084
4008 2 4007 4009
4009 3 3971 4008 4010
4010 2 4009 4011
4011 3 4010 4012 4085
4012 2 4011 4013
4013 3 3972 4012 4014
4014 2 4013 4015
4015 3 4014 4016 4086
4016 2 4015 4017
4017 3 3973 4016 4018
4018 2 4017 4019
4019 3 4018 4020 4087
4020 2 4019 4021
4021 3 3974 4020 4022
4022 2 4021 4023
4023 3 4022 4024 4088
4024 2 4023 4025
4025 3 3975 4024 4026
4026 2 4025 4027
4027 3 4026 4028 4089
4028 2 4027 4029
4029 3 3976 4028 4030
4030 2 4029 4031
4031 3 4030 4032 4090
4032 2 4031 4033
4033 3 3977 4032 4034
4034 2 4033 4035
4035 3 4034 4036 4091
4036 2 4035 4037
4037 3 3978 4036 4038
4038 2 4037 4039
4039 3 4038 4040 4092
4040 2 4039 4041
4041 3 3979 4040 4042
4042 2 4041 4043
4043 3 4042 4044 4093
4044 2 4043 4045
4045 3 3980 4044 4046
4046 2 4045 4047
4047 3 4046 4048 4094
4048 2 4047 4049
4049 3 3981 4048 4050
4050 2 4049 4051
4051 3 4050 4052 4095
4052 2 4051 4053
4053 3 3982 4052 4054
4054 2 4053 4055
4055 3 4054 4056 4096
4056 2 4055 4057
4057 3 3983 4056 4058
4058 2 4057 4059
4059 3 4058 4060 4097
4060 2 4059 4061
4061 3 3984 4060 4062
4062 2 4061 4063
4063 3 4062 4064 4098
4064 2 4063 4065
4065 3 3985 4064 4066
4066 2 4065 4067
4067 3 4066 4068 4099
4068 2 4067 4069
4069 3 3986 4068 4070
4070 2 4069 4071
4071 3 4070 4072 4100
4072 2 4071 4073
4073 3 3987 4072 4074
4074 2 4073 4075
4075 3 4074 4076 4101
4076 2 4075 4077
4077 3 3988 4076 4078
4078 2 4077 4079
4079 2 4078 4102
4080 2 3991 4105
4081 2 3995 4109
4082 2 3999 4113
4083 2 4003 4117
4084 2 4007 4121
4085 2 4011 4125
4086 2 4015 4129
4087 2 4019 4133
4088 2 4023 4137
4089 2 4027 4141
4090 2 4031 4145
4091 2 4035 4149
4092 2 4039 4153
4093 2 4043 4157
4094 2 4047 4161
4095 2 4051 4165
4096 2 4055 4169
4097 2 4059 4173
4098 2 4063 4177
4099 2 4067 4181
4100 2 4071 4185
4101 2 4075 4189
4102 2 4079 4193
4103 2 4104 4194
4104 2 4103 4105
4105 3 4080 4104 4106
4106 2 4105 4107
4107 3 4106 4108 4195
4108 2 4107 4109
4109 3 4081 4108 4110
4110 2 4109 4111
4111 3 4110 4112 4196
4112 2 4111 4113
4113 3 4082 4112 4114
4114 2 4113 4115
4115 3 4114 4116 4197
4116 2 4115 4117
4117 3 4083 4116 4118
4118 2 4117 4119
4119 3 4118 4120 4198
4120 2 4119 4121
4121 3 4084 4120 4122
4122 2 4121 4123
4123 3 4122 4124 4199
4124 2 4123 4125
4125 3 4085 4124 4126
4126 2 4125 4127
4127 3 4126 4128 4200
4128 2 4127 4129
4129 3 4086 4128 4130
4130 2 4129 4131
4131 3 4130 4132 4201
4132 2 4131 4133
4133 3 4087 4132 4134
4134 2 4133 4135
4135 3 4134 4136 4202
4136 2 4135 4137
4137 3 4088 4136 4138
4138 2 4137 4139
4139 3 4138 4140 4203
4140 2 4139 4141
4141 3 4089 4140 4142
4142 2 4141 4143
4143 3 4142 4144 4204
4144 2 4143 4145
4145 3 4090 4144 4146
4146 2 4145 4147
4147 3 4146 4148 4205
4148 2 4147 4149
4149 3 4091 4148 4150
4150 2 4149 4151
4151 3 4150 4152 4206
4152 2 4151 4153
4153 3 4092 4152 4154
4154 2 4153 4155
4155 3 4154 4156 4207
4156 2 4155 4157
4157 3 4093 4156 4158
4158 2 4157 4159
4159 3 4158 4160 4208
4160 2 4159 4161
4161 3 4094 4160 4162
4162 2 4161 4163
4163 3 4162 4164 4209
4164 2 4163 4165
4165 3 4095 4164 4166
4166 2 4165 4167
4167 3 4166 4168 4210
4168 2 4167 4169
4169 3 4096 4168 4170
4170 2 4169 4171
4171 3 4170 4172 4211
4172 2 4171 4173
4173 3 4097 4172 4174
4174 2 4173 4175
4175 3 4174 4176 4212
4176 2 4175 4177
4177 3 4098 4176 4178
4178 2 4177 4179
4179 3 4178 4180 4213
4180 2 4179 4181
4181 3 4099 4180 4182
4182 2 4181 4183
4183 3 4182 4184 4214
4184 2 4183 4185
4185 3 4100 4184 4186
4186 2 4185 4187
4187 3 4186 4188 4215
4188 2 4187 4189
4189 3 4101 4188 4190
4190 2 4189 4191
4191 3 4190 4192 4216
4192 2 4191 4193
4193 2 4102 4192
4194 2 4103 4217
4195 2 4107 4221
4196 2 4111 4225
4197 2 4115 4229
4198 2 4119 4233
4199 2 4123 4237
4200 2 4127 4241
4201 2 4131 4245
4202 2 4135 4249
4203 2 4139 4253
4204 2 4143 4257
4205 2 4147 4261
4206 2 4151 4265
4207 2 4155 4269
4208 2 4159 4273
4209 2 4163 4277
4210 2 4167 4281
4211 2 4171 4285
4212 2 4175 4289
4213 2 4179 4293
4214 2 4183 4297
4215 2 4187 4301
4216 2 4191 4305
4217 2 4194 4218
4218 2 4217 4219
4219 3 4218 4220 4308
4220 2 4219 4221
4221 3 4195 4220 4222
4222 2 4221 4223
4223 3 4222 4224 4309
4224 2 4223 4225
4225 3 4196 4224 4226
4226 2 4225 4227
4227 3 4226 4228 4310
4228 2 4227 4229
4229 3 4197 4228 4230
4230 2 4229 4231
4231 3 4230 4232 4311
4232 2 4231 4233
4233 3 4198 4232 4234
4234 2 4233 4235
4235 3 4234 4236 4312
4236 2 4235 4237
4237 3 4199 4236 4238
4238 2 4237 4239
4239 3 4238 4240 4313
4240 2 4239 4241
4241 3 4200 4240 4242
4242 2 4241 4243
4243 3 4242 4244 4314
4244 2 4243 4245
4245 3 4201 4244 4246
4246 2 4245 4247
4247 3 4246 4248 4315
4248 2 4247 4249
4249 3 4202 4248 4250
4250 2 4249 4251
4251 3 4250 4252 4316
4252 2 4251 4253
4253 3 4203 4252 4254
4254 2 4253 4255
4255 3 4254 4256 4317
4256 2 4255 4257
4257 3 4204 4256 4258
4258 2 4257 4259
4259 3 4258 4260 4318
4260 2 4259 4261
4261 3 4205 4260 4262
4262 2 4261 4263
4263 3 4262 4264 4319
4264 2 4263 4265
4265 3 4206 4264 4266
4266 2 4265 4267
4267 3 4266 4268 4320
4268 2 4267 4269
4269 3 4207 4268 4270
4270 2 4269 4271
4271 3 4270 4272 4321
4272 2 4271 4273
4273 3 4208 4272 4274
4274 2 4273 4275
4275 3 4274 4276 4322
4276 2 4275 4277
4277 3 4209 4276 4278
4278 2 4277 4279
4279 3 4278 4280 4323
4280 2 4279 4281
4281 3 4210 4280 4282
4282 2 4281 4283
4283 3 4282 4284 4324
4284 2 4283 4285
4285 3 4211 4284 4286
4286 2 4285 4287
4287 3 4286 4288 4325
4288 2 4287 4289
4289 3 4212 4288 4290
4290 2 4289 4291
4291 3 4290 4292 4326
4292 2 4291 4293
4293 3 4213 4292 4294
4294 2 4293 4295
4295 3 4294 4296 4327
4296 2 4295 4297
4297 3 4214 4296 4298
4298 2 4297 4299
4299 3 4298 4300 4328
4300 2 4299 4301
4301 3 4215 4300 4302
4302 2 4301 4303
4303 3 4302 4304 4329
4304 2 4303 4305
4305 3 4216 4304 4306
4306 2 4305 4307
4307 2 4306 4330
4308 2 4219 4333
4309 2 4223 4337
4310 2 4227 4341
4311 2 4231 4345
4312 2 4235 4349
4313 2 4239 4353
4314 2 4243 4357
4315 2 4247 4361
4316 2 4251 4365
4317 2 4255 4369
4318 2 4259 4373
4319 2 4263 4377
4320 2 4267 4381
4321 2 4271 4385
4322 2 4275 4389
4323 2 4279 4393
4324 2 4283 4397
4325 2 4287 4401
4326 2 4291 4405
4327 2 4295 4409
4328 2 4299 4413
4329 2 4303 4417
4330 2 4307 4421
4331 2 4332 4422
4332 2 4331 4333
4333 3 4308 4332 4334
4334 2 4333 4335
4335 3 4334 4336 4423
4336 2 4335 4337
4337 3 4309 4336 4338
4338 2 4337 4339
4339 3 4338 4340 4424
4340 2 4339 4341
4341 3 4310 4340 4342
4342 2 4341 4343
4343 3 4342 4344 4425
4344 2 4343 4345
4345 3 4311 4344 4346
4346 2 4345 4347
4347 3 4346 4348 4426
4348 2 4347 4349
4349 3 4312 4348 4350
4350 2 4349 4351
4351 3 4350 4352 4427
4352 2 4351 4353
4353 3 4313 4352 4354
4354 2 4353 4355
4355 3 4354 4356 4428
4356 2 4355 4357
4357 3 4314 4356 4358
4358 2 4357 4359
4359 3 4358 4360 4429
4360 2 4359 4361
4361 3 4315 4360 4362
4362 2 4361 4363
4363 3 4362 4364 4430
4364 2 4363 4365
4365 3 4316 4364 4366
4366 2 4365 4367
4367 3 4366 4368 4431
4368 2 4367 4369
4369 3 4317 4368 4370
4370 2 4369 4371
4371 3 4370 4372 4432
4372 2 4371 4373
4373 3 4318 4372 4374
4374 2 4373 4375
4375 3 4374 4376 4433
4376 2 4375 4377
4377 3 4319 4376 4378
4378 2 4377 4379
4379 3 4378 4380 4434
4380 2 4379 4381
4381 3 4320 4380 4382
4382 2 4381 4383
4383 3 4382 4384 4435
4384 2 4383 4385
4385 3 4321 4384 4386
4386 2 4385 4387
4387 3 4386 4388 4436
4388 2 4387 4389
4389 3 4322 4388 4390
4390 2 4389 4391
4391 3 4390 4392 4437
4392 2 4391 4393
4393 3 4323 4392 4394
4394 2 4393 4395
4395 3 4394 4396 4438
4396 2 4395 4397
4397 3 4324 4396 4398
4398 2 4397 4399
4399 3 4398 4400 4439
4400 2 4399 4401
4401 3 4325 4400 4402
4402 2 4401 4403
4403 3 4402 4404 4440
4404 2 4403 4405
4405 3 4326 4404 4406
4406 2 4405 4407
4407 3 4406 4408 4441
4408 2 4407 4409
4409 3 4327 4408 4410
4410 2 4409 4411
4411 3 4410 4412 4442
4412 2 4411 4413
4413 3 4328 4412 4414
4414 2 4413 4415
4415 3 4414 4416 4443
4416 2 4415 4417
4417 3 4329 4416 4418
4418 2 4417 4419
4419 3 4418 4420 4444
4420 2 4419 4421
4421 2 4330 4420
4422 2 4331 4445
4423 2 4335 4449
4424 2 4339 4453
4425 2 4343 4457
4426 2 4347 4461
4427 2 4351 4465
4428 2 4355 4469
4429 2 4359 4473
4430 2 4363 4477
4431 2 4367 4481
4432 2 4371 4485
4433 2 4375 4489
4434 2 4379 4493
4435 2 4383 4497
4436 2 4387 4501
4437 2 4391 4505
4438 2 4395 4509
4439 2 4399 4513
4440 2 4403 4517
4441 2 4407 4521
4442 2 4411 4525
4443 2 4415 4529
4444 2 4419 4533
4445 2 4422 4446
4446 2 4445 4447
4447 3 4446 4448 4536
4448 2 4447 4449
4449 3 4423 4448 4450
4450 2 4449 4451
4451 3 4450 4452 4537
4452 2 4451 4453
4453 3 4424 4452 4454
4454 2 4453 4455
4455 3 4454 4456 4538
4456 2 4455 4457
4457 3 4425 4456 4458
4458 2 4457 4459
4459 3 4458 4460 4539
4460 2 4459 4461
4461 3 4426 4460 4462
4462 2 4461 4463
4463 3 4462 4464 4540
4464 2 4463 4465
4465 3 4427 4464 4466
4466 2 4465 4467
4467 3 4466 4468 4541
4468 2 4467 4469
4469 3 4428 4468 4470
4470 2 4469 4471
4471 3 4470 4472 4542
4472 2 4471 4473
4473 3 4429 4472 4474
4474 2 4473 4475
4475 3 4474 4476 4543
4476 2 4475 4477
4477 3 4430 4476 4478
4478 2 4477 4479
4479 3 4478 4480 4544
4480 2 4479 4481
4481 3 4431 4480 4482
4482 2 4481 4483
4483 3 4482 4484 4545
4484 2 4483 4485
4485 3 4432 4484 4486
4486 2 4485 4487
4487 3 4486 4488 4546
4488 2 4487 4489
4489 3 4433 4488 4490
4490 2 4489 4491
4491 3 4490 4492 4547
4492 2 4491 4493
4493 3 4434 4492 4494
4494 2 4493 4495
4495 3 4494 4496 4548
4496 2 4495 4497
4497 3 4435 4496 4498
4498 2 4497 4499
4499 3 4498 4500 4549
4500 2 4499 4501
4501 3 4436 4500 4502
4502 2 4501 4503
4503 3 4502 4504 4550
4504 2 4503 4505
4505 3 4437 4504 4506
4506 2 4505 4507
4507 3 4506 4508 4551
4508 2 4507 4509
4509 3 4438 4508 4510
4510 2 4509 4511
4511 3 4510 4512 4552
4512 2 4511 4513
4513 3 4439 4512 4514
4514 2 4513 4515
4515 3 4514 4516 4553
4516 2 4515 4517
4517 3 4440 4516 4518
4518 2 4517 4519
4519 3 4518 4520 4554
4520 2 4519 4521
4521 3 4441 4520 4522
4522 2 4521 4523
4523 3 4522 4524 4555
4524 2 4523 4525
4525 3 4442 4524 4526
4526 2 4525 4527
4527 3 4526 4528 4556
4528 2 4527 4529
4529 3 4443 4528 4530
4530 2 4529 4531
4531 3 4530 4532 4557
4532 2 4531 4533
4533 3 4444 4532 4534
4534 2 4533 4535
4535 2 4534 4558
4536 2 4447 4561
4537 2 4451 4565
4538 2 4455 4569
4539 2 4459 4573
4540 2 4463 4577
4541 2 4467 4581
4542 2 4471 4585
4543 2 4475 4589
4544 2 4479 4593
4545 2 4483 4597
4546 2 4487 4601
4547 2 4491 4605
4548 2 4495 4609
4549 2 4499 4613
4550 2 4503 4617
4551 2 4507 4621
4552 2 4511 4625
4553 2 4515 4629
4554 2 4519 4633
4555 2 4523 4637
4556 2 4527 4641
4557 2 4531 4645
4558 2 4535 4649
4559 2 4560 4650
4560 2 4559 4561
4561 3 4536 4560 4562
4562 2 4561 4563
4563 3 4562 4564 4651
4564 2 4563 4565
4565 3 4537 4564 4566
4566 2 4565 4567
4567 3 4566 4568 4652
4568 2 4567 4569
4569 3 4538 4568 4570
4570 2 4569 4571
4571 3 4570 4572 4653
4572 2 4571 4573
4573 3 4539 4572 4574
4574 2 4573 4575
4575 3 4574 4576 4654
4576 2 4575 4577
4577 3 4540 4576 4578
4578 2 4577 4579
4579 3 4578 4580 4655
4580 2 4579 4581
4581 3 4541 4580 4582
4582 2 4581 4583
4583 3 4582 4584 4656
4584 2 4583 4585
4585 3 4542 4584 4586
4586 2 4585 4587
4587 3 4586 4588 4657
4588 2 4587 4589
4589 3 4543 4588 4590
4590 2 4589 4591
4591 3 4590 4592 4658
4592 2 4591 4593
4593 3 4544 4592 4594
4594 2 4593 4595
4595 3 4594 4596 4659
4596 2 4595 4597
4597 3 4545 4596 4598
4598 2 4597 4599
4599 3 4598 4600 4660
4600 2 4599 4601
4601 3 4546 4600 4602
4602 2 4601 4603
4603 3 4602 4604 4661
4604 2 4603 4605
4605 3 4547 4604 4606
4606 2 4605 4607
4607 3 4606 4608 4662
4608 2 4607 4609
4609 3 4548 4608 4610
4610 2 4609 4611
4611 3 4610 4612 4663
4612 2 4611 4613
4613 3 4549 4612 4614
4614 2 4613 4615
4615 3 4614 4616 4664
4616 2 4615 4617
4617 3 4550 4616 4618
4618 2 4617 4619
4619 3 4618 4620 4665
4620 2 4619 4621
4621 3 4551 4620 4622
4622 2 4621 4623
4623 3 4622 4624 4666
4624 2 4623 4625
4625 3 4552 4624 4626
4626 2 4625 4627
4627 3 4626 4628 4667
4628 2 4627 4629
4629 3 4553 4628 4630
4630 2 4629 4631
4631 3 4630 4632 4668
4632 2 4631 4633
4633 3 4554 4632 4634
4634 2 4633 4635
4635 3 4634 4636 4669
4636 2 4635 4637
4637 3 4555 4636 4638
4638 2 4637 4639
4639 3 4638 4640 4670
4640 2 4639 4641
4641 3 4556 4640 4642
4642 2 4641 4643
4643 3 4642 4644 4671
4644 2 4643 4645
4645 3 4557 4644 4646
4646 2 4645 4647
4647 3 4646 4648 4672
4648 2 4647 4649
4649 2 4558 4648
4650 2 4559 4673
4651 2 4563 4677
4652 2 4567 4681
4653 2 4571 4685
4654 2 4575 4689
4655 2 4579 4693
4656 2 4583 4697
4657 2 4587 4701
4658 2 4591 4705
4659 2 4595 4709
4660 2 4599 4713
4661 2 4603 4717
4662 2 4607 4721
4663 2 4611 4725
4664 2 4615 4729
4665 2 4619 4733
4666 2 4623 4737
4667 2 4627 4741
4668 2 4631 4745
4669 2 4635 4749
4670 2 4639 4753
4671 2 4643 4757
4672 2 4647 4761
4673 2 4650 4674
4674 2 4673 4675
4675 3 4674 4676 4764
4676 2 4675 4677
4677 3 4651 4676 4678
4678 2 4677 4679
4679 3 4678 4680 4765
4680 2 4679 4681
4681 3 4652 4680 4682
4682 2 4681 4683
4683 3 4682 4684 4766
4684 2 4683 4685
4685 3 4653 4684 4686
4686 2 4685 4687
4687 3 4686 4688 4767
4688 2 4687 4689
4689 3 4654 4688 4690
4690 2 4689 4691
4691 3 4690 4692 4768
4692 2 4691 4693
4693 3 4655 4692 4694
4694 2 4693 4695
4695 3 4694 4696 4769
4696 2 4695 4697
4697 3 4656 4696 4698
4698 2 4697 4699
4699 3 4698 4700 4770
4700 2 4699 4701
4701 3 4657 4700 4702
4702 2 4701 4703
4703 3 4702 4704 4771
4704 2 4703 4705
4705 3 4658 4704 4706
4706 2 4705 4707
4707 3 4706 4708 4772
4708 2 4707 4709
4709 3 4659 4708 4710
4710 2 4709 4711
4711 3 4710 4712 4773
4712 2 4711 4713
4713 3 4660 4712 4714
4714 2 4713 4715
4715 3 4714 4716 4774
4716 2 4715 4717
4717 3 4661 4716 4718
4718 2 4717 4719
4719 3 4718 4720 4775
4720 2 4719 4721
4721 3 4662 4720 4722
4722 2 4721 4723
4723 3 4722 4724 4776
4724 2 4723 4725
4725 3 4663 4724 4726
4726 2 4725 4727
4727 3 4726 4728 4777
4728 2 4727 4729
4729 3 4664 4728 4730
4730 2 4729 4731
4731 3 4730 4732 4778
4732 2 4731 4733
4733 3 4665 4732 4734
4734 2 4733 4735
4735 3 4734 4736 4779
4736 2 4735 4737
4737 3 4666 4736 4738
4738 2 4737 4739
4739 3 4738 4740 4780
4740 2 4739 4741
4741 3 4667 4740 4742
4742 2 4741 4743
4743 3 4742 4744 4781
4744 2 4743 4745
4745 3 4668 4744 4746
4746 2 4745 4747
4747 3 4746 4748 4782
4748 2 4747 4749
4749 3 4669 4748 4750
4750 2 4749 4751
4751 3 4750 4752 4783
4752 2 4751 4753
4753 3 4670 4752 4754
4754 2 4753 4755
4755 3 4754 4756 4784
4756 2 4755 4757
4757 3 4671 4756 4758
4758 2 4757 4759
4759 3 4758 4760 4785
4760 2 4759 4761
4761 3 4672 4760 4762
4762 2 4761 4763
4763 2 4762 4786
4764 2 4675 4789
4765 2 4679 4793
4766 2 4683 4797
4767 2 4687 4801
4768 2 4691 4805
4769 2 4695 4809
4770 2 4699 4813
4771 2 4703 4817
4772 2 4707 4821
4773 2 4711 4825
4774 2 4715 4829
4775 2 4719 4833
4776 2 4723 4837
4777 2 4727 4841
4778 2 4731 4845
4779 2 4735 4849
4780 2 4739 4853
4781 2 4743 4857
4782 2 4747 4861
4783 2 4751 4865
4784 2 4755 4869
4785 2 4759 4873
4786 2 4763 4877
4787 2 4788 4878
4788 2 4787 4789
4789 3 4764 4788 4790
4790 2 4789 4791
4791 3 4790 4792 4879
4792 2 4791 4793
4793 3 4765 4792 4794
4794 2 4793 4795
4795 3 4794 4796 4880
4796 2 4795 4797
4797 3 4766 4796 4798
4798 2 4797 4799
4799 3 4798 4800 4881
4800 2 4799 4801
4801 3 4767 4800 4802
4802 2 4801 4803
4803 3 4802 4804 4882
4804 2 4803 4805
4805 3 4768 4804 4806
4806 2 4805 4807
4807 3 4806 4808 4883
4808 2 4807 4809
4809 3 4769 4808 4810
4810 2 4809 4811
4811 3 4810 4812 4884
4812 2 4811 4813
4813 3 4770 4812 4814
4814 2 4813 4815
4815 3 4814 4816 4885
4816 2 4815 4817
4817 3 4771 4816 4818
4818 2 4817 4819
4819 3 4818 4820 4886
4820 2 4819 4821
4821 3 4772 4820 4822
4822 2 4821 4823
4823 3 4822 4824 4887
4824 2 4823 4825
4825 3 4773 4824 4826
4826 2 4825 4827
4827 3 4826 4828 4888
4828 2 4827 4829
4829 3 4774 4828 4830
4830 2 4829 4831
4831 3 4830 4832 4889
4832 2 4831 4833
4833 3 4775 4832 4834
4834 2 4833 4835
4835 3 4834 4836 4890
4836 2 4835 4837
4837 3 4776 4836 4838
4838 2 4837 4839
4839 3 4838 4840 4891
4840 2 4839 4841
4841 3 4777 4840 4842
4842 2 4841 4843
4843 3 4842 4844 4892
4844 2 4843 4845
4845 3 4778 4844 4846
4846 2 4845 4847
4847 3 4846 4848 4893
4848 2 4847 4849
4849 3 4779 4848 4850
4850 2 4849 4851
4851 3 4850 4852 4894
4852 2 4851 4853
4853 3 4780 4852 4854
4854 2 4853 4855
4855 3 4854 4856 4895
4856 2 4855 4857
4857 3 4781 4856 4858
4858 2 4857 4859
4859 3 4858 4860 4896
4860 2 4859 4861
4861 3 4782 4860 4862
4862 2 4861 4863
4863 3 4862 4864 4897
4864 2 4863 4865
4865 3 4783 4864 4866
4866 2 4865 4867
4867 3 4866 4868 4898
4868 2 4867 4869
4869 3 4784 4868 4870
4870 2 4869 4871
4871 3 4870 4872 4899
4872 2 4871 4873
4873 3 4785 4872 4874
4874 2 4873 4875
4875 3 4874 4876 4900
4876 2 4875 4877
4877 2 4786 4876
4878 2 4787 4901
4879 2 4791 4905
4880 2 4795 4909
4881 2 4799 4913
4882 2 4803 4917
4883 2 4807 4921
4884 2 4811 4925
4885 2 4815 4929
4886 2 4819 4933
4887 2 4823 4937
4888 2 4827 4941
4889 2 4831 4945
4890 2 4835 4949
4891 2 4839 4953
4892 2 4843 4957
4893 2 4847 4961
4894 2 4851 4965
4895 2 4855 4969
4896 2 4859 4973
4897 2 4863 4977
4898 2 4867 4981
4899 2 4871 4985
4900 2 4875 4989
4901 2 4878 4902
4902 2 4901 4903
4903 3 4902 4904 4992
4904 2 4903 4905
4905 3 4879 4904 4906
4906 2 4905 4907
4907 3 4906 4908 4993
4908 2 4907 4909
4909 3 4880 4908 4910
4910 2 4909 4911
4911 3 4910 4912 4994
4912 2 4911 4913
4913 3 4881 4912 4914
4914 2 4913 4915
4915 3 4914 4916 4995
4916 2 4915 4917
4917 3 4882 4916 4918
4918 2 4917 4919
4919 3 4918 4920 4996
4920 2 4919 4921
4921 3 4883 4920 4922
4922 2 4921 4923
4923 3 4922 4924 4997
4924 2 4923 4925
4925 3 4884 4924 4926
4926 2 4925 4927
4927 3 4926 4928 4998
4928 2 4927 4929
4929 3 4885 4928 4930
4930 2 4929 4931
4931 3 4930 4932 4999
4932 2 4931 4933
4933 3 4886 4932 4934
4934 2 4933 4935
4935 3 4934 4936 5000
4936 2 4935 4937
4937 3 4887 4936 4938
4938 2 4937 4939
4939 3 4938 4940 5001
4940 2 4939 4941
4941 3 4888 4940 4942
4942 2 4941 4943
4943 3 4942 4944 5002
4944 2 4943 4945
4945 3 4889 4944 4946
4946 2 4945 4947
4947 3 4946 4948 5003
4948 2 4947 4949
4949 3 4890 4948 4950
4950 2 4949 4951
4951 3 4950 4952 5004
4952 2 4951 4953
4953 3 4891 4952 4954
4954 2 4953 4955
4955 3 4954 4956 5005
4956 2 4955 4957
4957 3 4892 4956 4958
4958 2 4957 4959
4959 3 4958 4960 5006
4960 2 4959 4961
4961 3 4893 4960 4962
4962 2 4961 4963
4963 3 4962 4964 5007
4964 2 4963 4965
4965 3 4894 4964 4966
4966 2 4965 4967
4967 3 4966 4968 5008
4968 2 4967 4969
4969 3 4895 4968 4970
4970 2 4969 4971
4971 3 4970 4972 5009
4972 2 4971 4973
4973 3 4896 4972 4974
4974 2 4973 4975
4975 3 4974 4976 5010
4976 2 4975 4977
4977 3 4897 4976 4978
4978 2 4977 4979
4979 3 4978 4980 5011
4980 2 4979 4981
4981 3 4898 4980 4982
4982 2 4981 4983
4983 3 4982 4984 5012
4984 2 4983 4985
4985 3 4899 4984 4986
4986 2 4985 4987
4987 3 4986 4988 5013
4988 2 4987 4989
4989 3 4900 4988 4990
4990 2 4989 4991
4991 2 4990 5014
4992 2 4903 5016
4993 2 4907 5020
4994 2 4911 5024
4995 2 4915 5028
4996 2 4919 5032
4997 2 4923 5036
4998 2 4927 5040
4999 2 4931 5044
5000 2 4935 5048
5001 2 4939 5052
5002 2 4943 5056
5003 2 4947 5060
5004 2 4951 5064
5005 2 4955 5068
5006 2 4959 5072
5007 2 4963 5076
5008 2 4967 5080
5009 2 4971 5084
5010 2 4975 5088
5011 2 4979 5092
5012 2 4983 5096
5013 2 4987 5100
5014 2 4991 5104
5015 1 5016
5016 3 4992 5015 5017
5017 2 5016 5018
5018 2 5017 5019
5019 2 5018 5020
5020 3 4993 5019 5021
5021 2 5020 5022
5022 2 5021 5023
5023 2 5022 5024
5024 3 4994 5023 5025
5025 2 5024 5026
5026 2 5025 5027
5027 2 5026 5028
5028 3 4995 5027 5029
5029 2 5028 5030
5030 2 5029 5031
5031 2 5030 5032
5032 3 4996 5031 5033
5033 2 5032 5034
5034 2 5033 5035
5035 2 5034 5036
5036 3 4997 5035 5037
5037 2 5036 5038
5038 2 5037 5039
5039 2 5038 5040
5040 3 4998 5039 5041
5041 2 5040 5042
5042 2 5041 5043
5043 2 5042 5044
5044 3 4999 5043 5045
5045 2 5044 5046
5046 2 5045 5047
5047 2 5046 5048
5048 3 5000 5047 5049
5049 2 5048 5050
5050 2 5049 5051
5051 2 5050 5052
5052 3 5001 5051 5053
5053 2 5052 5054
5054 2 5053 5055
5055 2 5054 5056
5056 3 5002 5055 5057
5057 2 5056 5058
5058 2 5057 5059
5059 2 5058 5060
5060 3 5003 5059 5061
5061 2 5060 5062
5062 2 5061 5063
5063 2 5062 5064
5064 3 5004 5063 5065
5065 2 5064 5066
5066 2 5065 5067
5067 2 5066 5068
5068 3 5005 5067 5069
5069 2 5068 5070
5070 2 5069 5071
5071 2 5070 5072
5072 3 5006 5071 5073
5073 2 5072 5074
5074 2 5073 5075
5075 2 5074 5076
5076 3 5007 5075 5077
5077 2 5076 5078
5078 2 5077 5079
5079 2 5078 5080
5080 3 5008 5079 5081
5081 2 5080 5082
5082 2 5081 5083
5083 2 5082 5084
5084 3 5009 5083 5085
5085 2 5084 5086
5086 2 5085 5087
5087 2 5086 5088
5088 3 5010 5087 5089
5089 2 5088 5090
5090 2 5089 5091
5091 2 5090 5092
5092 3 5011 5091 5093
5093 2 5092 5094
5094 2 5093 5095
5095 2 5094 5096
5096 3 5012 5095 5097
5097 2 5096 5098
5098 2 5097 5099
5099 2 5098 5100
5100 3 5013 5099 5101
5101 2 5100 5102
5102 2 5101 5103
5103 2 5102 5104
5104 2 5014 5103
