433
0 2 1 26
1 2 0 2
2 2 1 3
3 2 2 4
4 3 3 5 27
5 2 4 6
6 2 5 7
7 2 6 8
8 3 7 9 28
9 2 8 10
10 2 9 11
11 2 10 12
12 3 11 13 29
13 2 12 14
14 2 13 15
15 2 14 16
16 3 15 17 30
17 2 16 18
18 2 17 19
19 2 18 20
20 3 19 21 31
21 2 20 22
22 2 21 23
23 2 22 24
24 3 23 25 32
25 1 24
26 2 0 33
27 2 4 37
28 2 8 41
29 2 12 45
30 2 16 49
31 2 20 53
32 2 24 57
33 2 26 34
34 2 33 35
35 3 34 36 60
36 2 35 37
37 3 27 36 38
38 2 37 39
39 3 38 40 61
40 2 39 41
41 3 28 40 42
42 2 41 43
43 3 42 44 62
44 2 43 45
45 3 29 44 46
46 2 45 47
47 3 46 48 63
48 2 47 49
49 3 30 48 50
50 2 49 51
51 3 50 52 64
52 2 51 53
53 3 31 52 54
54 2 53 55
55 3 54 56 65
56 2 55 57
57 3 32 56 58
58 2 57 59
59 2 58 66
60 2 35 69
61 2 39 73
62 2 43 77
63 2 47 81
64 2 51 85
65 2 55 89
66 2 59 93
67 2 68 94
68 2 67 69
69 3 60 68 70
70 2 69 71
71 3 70 72 95
72 2 71 73
73 3 61 72 74
74 2 73 75
75 3 74 76 96
76 2 75 77
77 3 62 76 78
78 2 77 79
79 3 78 80 97
80 2 79 81
81 3 63 80 82
82 2 81 83
83 3 82 84 98
84 2 83 85
85 3 64 84 86
86 2 85 87
87 3 86 88 99
88 2 87 89
89 3 65 88 90
90 2 89 91
91 3 90 92 100
92 2 91 93
93 2 66 92
94 2 67 101
95 2 71 105
96 2 75 109
97 2 79 113
98 2 83 117
99 2 87 121
100 2 91 125
101 2 94 102
102 2 101 103
103 3 102 104 128
104 2 103 105
105 3 95 104 106
106 2 105 107
107 3 106 108 129
108 2 107 109
109 3 96 108 110
110 2 109 111
111 3 110 112 130
112 2 111 113
113 3 97 112 114
114 2 113 115
115 3 114 116 131
116 2 115 117
117 3 98 116 118
118 2 117 119
119 3 118 120 132
120 2 119 121
121 3 99 120 122
122 2 121 123
123 3 122 124 133
124 2 123 125
125 3 100 124 126
126 2 125 127
127 2 126 134
128 2 103 137
129 2 107 141
130 2 111 145
131 2 115 149
132 2 119 153
133 2 123 157
134 2 127 161
135 2 136 162
136 2 135 137
137 3 128 136 138
138 2 137 139
139 3 138 140 163
140 2 139 141
141 3 129 140 142
142 2 141 143
143 3 142 144 164
144 2 143 145
145 3 130 144 146
146 2 145 147
147 3 146 148 165
148 2 147 149
149 3 131 148 150
150 2 149 151
151 3 150 152 166
152 2 151 153
153 3 132 152 154
154 2 153 155
155 3 154 156 167
156 2 155 157
157 3 133 156 158
158 2 157 159
159 3 158 160 168
160 2 159 161
161 2 134 160
162 2 135 169
163 2 139 173
164 2 143 177
165 2 147 181
166 2 151 185
167 2 155 189
168 2 159 193
169 2 162 170
170 2 169 171
171 3 170 172 196
172 2 171 173
173 3 163 172 174
174 2 173 175
175 3 174 176 197
176 2 175 177
177 3 164 176 178
178 2 177 179
179 3 178 180 198
180 2 179 181
181 3 165 180 182
182 2 181 183
183 3 182 184 199
184 2 183 185
185 3 166 184 186
186 2 185 187
187 3 186 188 200
188 2 187 189
189 3 167 188 190
190 2 189 191
191 3 190 192 201
192 2 191 193
193 3 168 192 194
194 2 193 195
195 2 194 202
196 2 171 205
197 2 175 209
198 2 179 213
199 2 183 217
200 2 187 221
201 2 191 225
202 2 195 229
203 2 204 230
204 2 203 205
205 3 196 204 206
206 2 205 207
207 3 206 208 231
208 2 207 209
209 3 197 208 210
210 2 209 211
211 3 210 212 232
212 2 211 213
213 3 198 212 214
214 2 213 215
215 3 214 216 233
216 2 215 217
217 3 199 216 218
218 2 217 219
219 3 218 220 234
220 2 219 221
221 3 200 220 222
222 2 221 223
223 3 222 224 235
224 2 223 225
225 3 201 224 226
226 2 225 227
227 3 226 228 236
228 2 227 229
229 2 202 228
230 2 203 237
231 2 207 241
232 2 211 245
233 2 215 249
234 2 219 253
235 2 223 257
236 2 227 261
237 2 230 238
238 2 237 239
239 3 238 240 264
240 2 239 241
241 3 231 240 242
242 2 241 243
243 3 242 244 265
244 2 243 245
245 3 232 244 246
246 2 245 247
247 3 246 248 266
248 2 247 249
249 3 233 248 250
250 2 249 251
251 3 250 252 267
252 2 251 253
253 3 234 252 254
254 2 253 255
255 3 254 256 268
256 2 255 257
257 3 235 256 258
258 2 257 259
259 3 258 260 269
260 2 259 261
261 3 236 260 262
262 2 261 263
263 2 262 270
264 2 239 273
265 2 243 277
266 2 247 281
267 2 251 285
268 2 255 289
269 2 259 293
270 2 263 297
271 2 272 298
272 2 271 273
273 3 264 272 274
274 2 273 275
275 3 274 276 299
276 2 275 277
277 3 265 276 278
278 2 277 279
279 3 278 280 300
280 2 279 281
281 3 266 280 282
282 2 281 283
283 3 282 284 301
284 2 283 285
285 3 267 284 286
286 2 285 287
287 3 286 288 302
288 2 287 289
289 3 268 288 290
290 2 289 291
291 3 290 292 303
292 2 291 293
293 3 269 292 294
294 2 293 295
295 3 294 296 304
296 2 295 297
297 2 270 296
298 2 271 305
299 2 275 309
300 2 279 313
301 2 283 317
302 2 287 321
303 2 291 325
304 2 295 329
305 2 298 306
306 2 305 307
307 3 306 308 332
308 2 307 309
309 3 299 308 310
310 2 309 311
311 3 310 312 333
312 2 311 313
313 3 300 312 314
314 2 313 315
315 3 314 316 334
316 2 315 317
317 3 301 316 318
318 2 317 319
319 3 318 320 335
320 2 319 321
321 3 302 320 322
322 2 321 323
323 3 322 324 336
324 2 323 325
325 3 303 324 326
326 2 325 327
327 3 326 328 337
328 2 327 329
329 3 304 328 330
330 2 329 331
331 2 330 338
332 2 307 341
333 2 311 345
334 2 315 349
335 2 319 353
336 2 323 357
337 2 327 361
338 2 331 365
339 2 340 366
340 2 339 341
341 3 332 340 342
342 2 341 343
343 3 342 344 367
344 2 343 345
345 3 333 344 346
346 2 345 347
347 3 346 348 368
348 2 347 349
349 3 334 348 350
350 2 349 351
351 3 350 352 369
352 2 351 353
353 3 335 352 354
354 2 353 355
355 3 354 356 370
356 2 355 357
357 3 336 356 358
358 2 357 359
359 3 358 360 371
360 2 359 361
361 3 337 360 362
362 2 361 363
363 3 362 364 372
364 2 363 365
365 2 338 364
366 2 339 373
367 2 343 377
368 2 347 381
369 2 351 385
370 2 355 389
371 2 359 393
372 2 363 397
373 2 366 374
374 2 373 375
375 3 374 376 400
376 2 375 377
377 3 367 376 378
378 2 377 379
379 3 378 380 401
380 2 379 381
381 3 368 380 382
382 2 381 383
383 3 382 384 402
384 2 383 385
385 3 369 384 386
386 2 385 387
387 3 386 388 403
388 2 387 389
389 3 370 388 390
390 2 389 391
391 3 390 392 404
392 2 391 393
393 3 371 392 394
394 2 393 395
395 3 394 396 405
396 2 395 397
397 3 372 396 398
398 2 397 399
399 2 398 406
400 2 375 408
401 2 379 412
402 2 383 416
403 2 387 420
404 2 391 424
405 2 395 428
406 2 399 432
407 1 408
408 3 400 407 409
409 2 408 410
410 2 409 411
411 2 410 412
412 3 401 411 413
413 2 412 414
414 2 413 415
415 2 414 416
416 3 402 415 417
417 2 416 418
418 2 417 419
419 2 418 420
420 3 403 419 421
421 2 420 422
422 2 421 423
423 2 422 424
424 3 404 423 425
425 2 424 426
426 2 425 427
427 2 426 428
428 3 405 427 429
429 2 428 430
430 2 429 431
431 2 430 432
432 2 406 431
