3457
0 2 1 74
1 2 0 2
2 2 1 3
3 2 2 4
4 3 3 5 75
5 2 4 6
6 2 5 7
7 2 6 8
8 3 7 9 76
9 2 8 10
10 2 9 11
11 2 10 12
12 3 11 13 77
13 2 12 14
14 2 13 15
15 2 14 16
16 3 15 17 78
17 2 16 18
18 2 17 19
19 2 18 20
20 3 19 21 79
21 2 20 22
22 2 21 23
23 2 22 24
24 3 23 25 80
25 2 24 26
26 2 25 27
27 2 26 28
28 3 27 29 81
29 2 28 30
30 2 29 31
31 2 30 32
32 3 31 33 82
33 2 32 34
34 2 33 35
35 2 34 36
36 3 35 37 83
37 2 36 38
38 2 37 39
39 2 38 40
40 3 39 41 84
41 2 40 42
42 2 41 43
43 2 42 44
44 3 43 45 85
45 2 44 46
46 2 45 47
47 2 46 48
48 3 47 49 86
49 2 48 50
50 2 49 51
51 2 50 52
52 3 51 53 87
53 2 52 54
54 2 53 55
55 2 54 56
56 3 55 57 88
57 2 56 58
58 2 57 59
59 2 58 60
60 3 59 61 89
61 2 60 62
62 2 61 63
63 2 62 64
64 3 63 65 90
65 2 64 66
66 2 65 67
67 2 66 68
68 3 67 69 91
69 2 68 70
70 2 69 71
71 2 70 72
72 3 71 73 92
73 1 72
74 2 0 93
75 2 4 97
76 2 8 101
77 2 12 105
78 2 16 109
79 2 20 113
80 2 24 117
81 2 28 121
82 2 32 125
83 2 36 129
84 2 40 133
85 2 44 137
86 2 48 141
87 2 52 145
88 2 56 149
89 2 60 153
90 2 64 157
91 2 68 161
92 2 72 165
93 2 74 94
94 2 93 95
95 3 94 96 168
96 2 95 97
97 3 75 96 98
98 2 97 99
99 3 98 100 169
100 2 99 101
101 3 76 100 102
102 2 101 103
103 3 102 104 170
104 2 103 105
105 3 77 104 106
106 2 105 107
107 3 106 108 171
108 2 107 109
109 3 78 108 110
110 2 109 111
111 3 110 112 172
112 2 111 113
113 3 79 112 114
114 2 113 115
115 3 114 116 173
116 2 115 117
117 3 80 116 118
118 2 117 119
119 3 118 120 174
120 2 119 121
121 3 81 120 122
122 2 121 123
123 3 122 124 175
124 2 123 125
125 3 82 124 126
126 2 125 127
127 3 126 128 176
128 2 127 129
129 3 83 128 130
130 2 129 131
131 3 130 132 177
132 2 131 133
133 3 84 132 134
134 2 133 135
135 3 134 136 178
136 2 135 137
137 3 85 136 138
138 2 137 139
139 3 138 140 179
140 2 139 141
141 3 86 140 142
142 2 141 143
143 3 142 144 180
144 2 143 145
145 3 87 144 146
146 2 145 147
147 3 146 148 181
148 2 147 149
149 3 88 148 150
150 2 149 151
151 3 150 152 182
152 2 151 153
153 3 89 152 154
154 2 153 155
155 3 154 156 183
156 2 155 157
157 3 90 156 158
158 2 157 159
159 3 158 160 184
160 2 159 161
161 3 91 160 162
162 2 161 163
163 3 162 164 185
164 2 163 165
165 3 92 164 166
166 2 165 167
167 2 166 186
168 2 95 189
169 2 99 193
170 2 103 197
171 2 107 201
172 2 111 205
173 2 115 209
174 2 119 213
175 2 123 217
176 2 127 221
177 2 131 225
178 2 135 229
179 2 139 233
180 2 143 237
181 2 147 241
182 2 151 245
183 2 155 249
184 2 159 253
185 2 163 257
186 2 167 261
187 2 188 262
188 2 187 189
189 3 168 188 190
190 2 189 191
191 3 190 192 263
192 2 191 193
193 3 169 192 194
194 2 193 195
195 3 194 196 264
196 2 195 197
197 3 170 196 198
198 2 197 199
199 3 198 200 265
200 2 199 201
201 3 171 200 202
202 2 201 203
203 3 202 204 266
204 2 203 205
205 3 172 204 206
206 2 205 207
207 3 206 208 267
208 2 207 209
209 3 173 208 210
210 2 209 211
211 3 210 212 268
212 2 211 213
213 3 174 212 214
214 2 213 215
215 3 214 216 269
216 2 215 217
217 3 175 216 218
218 2 217 219
219 3 218 220 270
220 2 219 221
221 3 176 220 222
222 2 221 223
223 3 222 224 271
224 2 223 225
225 3 177 224 226
226 2 225 227
227 3 226 228 272
228 2 227 229
229 3 178 228 230
230 2 229 231
231 3 230 232 273
232 2 231 233
233 3 179 232 234
234 2 233 235
235 3 234 236 274
236 2 235 237
237 3 180 236 238
238 2 237 239
239 3 238 240 275
240 2 239 241
241 3 181 240 242
242 2 241 243
243 3 242 244 276
244 2 243 245
245 3 182 244 246
246 2 245 247
247 3 246 248 277
248 2 247 249
249 3 183 248 250
250 2 249 251
251 3 250 252 278
252 2 251 253
253 3 184 252 254
254 2 253 255
255 3 254 256 279
256 2 255 257
257 3 185 256 258
258 2 257 259
259 3 258 260 280
260 2 259 261
261 2 186 260
262 2 187 281
263 2 191 285
264 2 195 289
265 2 199 293
266 2 203 297
267 2 207 301
268 2 211 305
269 2 215 309
270 2 219 313
271 2 223 317
272 2 227 321
273 2 231 325
274 2 235 329
275 2 239 333
276 2 243 337
277 2 247 341
278 2 251 345
279 2 255 349
280 2 259 353
281 2 262 282
282 2 281 283
283 3 282 284 356
284 2 283 285
285 3 263 284 286
286 2 285 287
287 3 286 288 357
288 2 287 289
289 3 264 288 290
290 2 289 291
291 3 290 292 358
292 2 291 293
293 3 265 292 294
294 2 293 295
295 3 294 296 359
296 2 295 297
297 3 266 296 298
298 2 297 299
299 3 298 300 360
300 2 299 301
301 3 267 300 302
302 2 301 303
303 3 302 304 361
304 2 303 305
305 3 268 304 306
306 2 305 307
307 3 306 308 362
308 2 307 309
309 3 269 308 310
310 2 309 311
311 3 310 312 363
312 2 311 313
313 3 270 312 314
314 2 313 315
315 3 314 316 364
316 2 315 317
317 3 271 316 318
318 2 317 319
319 3 318 320 365
320 2 319 321
321 3 272 320 322
322 2 321 323
323 3 322 324 366
324 2 323 325
325 3 273 324 326
326 2 325 327
327 3 326 328 367
328 2 327 329
329 3 274 328 330
330 2 329 331
331 3 330 332 368
332 2 331 333
333 3 275 332 334
334 2 333 335
335 3 334 336 369
336 2 335 337
337 3 276 336 338
338 2 337 339
339 3 338 340 370
340 2 339 341
341 3 277 340 342
342 2 341 343
343 3 342 344 371
344 2 343 345
345 3 278 344 346
346 2 345 347
347 3 346 348 372
348 2 347 349
349 3 279 348 350
350 2 349 351
351 3 350 352 373
352 2 351 353
353 3 280 352 354
354 2 353 355
355 2 354 374
356 2 283 377
357 2 287 381
358 2 291 385
359 2 295 389
360 2 299 393
361 2 303 397
362 2 307 401
363 2 311 405
364 2 315 409
365 2 319 413
366 2 323 417
367 2 327 421
368 2 331 425
369 2 335 429
370 2 339 433
371 2 343 437
372 2 347 441
373 2 351 445
374 2 355 449
375 2 376 450
376 2 375 377
377 3 356 376 378
378 2 377 379
379 3 378 380 451
380 2 379 381
381 3 357 380 382
382 2 381 383
383 3 382 384 452
384 2 383 385
385 3 358 384 386
386 2 385 387
387 3 386 388 453
388 2 387 389
389 3 359 388 390
390 2 389 391
391 3 390 392 454
392 2 391 393
393 3 360 392 394
394 2 393 395
395 3 394 396 455
396 2 395 397
397 3 361 396 398
398 2 397 399
399 3 398 400 456
400 2 399 401
401 3 362 400 402
402 2 401 403
403 3 402 404 457
404 2 403 405
405 3 363 404 406
406 2 405 407
407 3 406 408 458
408 2 407 409
409 3 364 408 410
410 2 409 411
411 3 410 412 459
412 2 411 413
413 3 365 412 414
414 2 413 415
415 3 414 416 460
416 2 415 417
417 3 366 416 418
418 2 417 419
419 3 418 420 461
420 2 419 421
421 3 367 420 422
422 2 421 423
423 3 422 424 462
424 2 423 425
425 3 368 424 426
426 2 425 427
427 3 426 428 463
428 2 427 429
429 3 369 428 430
430 2 429 431
431 3 430 432 464
432 2 431 433
433 3 370 432 434
434 2 433 435
435 3 434 436 465
436 2 435 437
437 3 371 436 438
438 2 437 439
439 3 438 440 466
440 2 439 441
441 3 372 440 442
442 2 441 443
443 3 442 444 467
444 2 443 445
445 3 373 444 446
446 2 445 447
447 3 446 448 468
448 2 447 449
449 2 374 448
450 2 375 469
451 2 379 473
452 2 383 477
453 2 387 481
454 2 391 485
455 2 395 489
456 2 399 493
457 2 403 497
458 2 407 501
459 2 411 505
460 2 415 509
461 2 419 513
462 2 423 517
463 2 427 521
464 2 431 525
465 2 435 529
466 2 439 533
467 2 443 537
468 2 447 541
469 2 450 470
470 2 469 471
471 3 470 472 544
472 2 471 473
473 3 451 472 474
474 2 473 475
475 3 474 476 545
476 2 475 477
477 3 452 476 478
478 2 477 479
479 3 478 480 546
480 2 479 481
481 3 453 480 482
482 2 481 483
483 3 482 484 547
484 2 483 485
485 3 454 484 486
486 2 485 487
487 3 486 488 548
488 2 487 489
489 3 455 488 490
490 2 489 491
491 3 490 492 549
492 2 491 493
493 3 456 492 494
494 2 493 495
495 3 494 496 550
496 2 495 497
497 3 457 496 498
498 2 497 499
499 3 498 500 551
500 2 499 501
501 3 458 500 502
502 2 501 503
503 3 502 504 552
504 2 503 505
505 3 459 504 506
506 2 505 507
507 3 506 508 553
508 2 507 509
509 3 460 508 510
510 2 509 511
511 3 510 512 554
512 2 511 513
513 3 461 512 514
514 2 513 515
515 3 514 516 555
516 2 515 517
517 3 462 516 518
518 2 517 519
519 3 518 520 556
520 2 519 521
521 3 463 520 522
522 2 521 523
523 3 522 524 557
524 2 523 525
525 3 464 524 526
526 2 525 527
527 3 526 528 558
528 2 527 529
529 3 465 528 530
530 2 529 531
531 3 530 532 559
532 2 531 533
533 3 466 532 534
534 2 533 535
535 3 534 536 560
536 2 535 537
537 3 467 536 538
538 2 537 539
539 3 538 540 561
540 2 539 541
541 3 468 540 542
542 2 541 543
543 2 542 562
544 2 471 565
545 2 475 569
546 2 479 573
547 2 483 577
548 2 487 581
549 2 491 585
550 2 495 589
551 2 499 593
552 2 503 597
553 2 507 601
554 2 511 605
555 2 515 609
556 2 519 613
557 2 523 617
558 2 527 621
559 2 531 625
560 2 535 629
561 2 539 633
562 2 543 637
563 2 564 638
564 2 563 565
565 3 544 564 566
566 2 565 567
567 3 566 568 639
568 2 567 569
569 3 545 568 570
570 2 569 571
571 3 570 572 640
572 2 571 573
573 3 546 572 574
574 2 573 575
575 3 574 576 641
576 2 575 577
577 3 547 576 578
578 2 577 579
579 3 578 580 642
580 2 579 581
581 3 548 580 582
582 2 581 583
583 3 582 584 643
584 2 583 585
585 3 549 584 586
586 2 585 587
587 3 586 588 644
588 2 587 589
589 3 550 588 590
590 2 589 591
591 3 590 592 645
592 2 591 593
593 3 551 592 594
594 2 593 595
595 3 594 596 646
596 2 595 597
597 3 552 596 598
598 2 597 599
599 3 598 600 647
600 2 599 601
601 3 553 600 602
602 2 601 603
603 3 602 604 648
604 2 603 605
605 3 554 604 606
606 2 605 607
607 3 606 608 649
608 2 607 609
609 3 555 608 610
610 2 609 611
611 3 610 612 650
612 2 611 613
613 3 556 612 614
614 2 613 615
615 3 614 616 651
616 2 615 617
617 3 557 616 618
618 2 617 619
619 3 618 620 652
620 2 619 621
621 3 558 620 622
622 2 621 623
623 3 622 624 653
624 2 623 625
625 3 559 624 626
626 2 625 627
627 3 626 628 654
628 2 627 629
629 3 560 628 630
630 2 629 631
631 3 630 632 655
632 2 631 633
633 3 561 632 634
634 2 633 635
635 3 634 636 656
636 2 635 637
637 2 562 636
638 2 563 657
639 2 567 661
640 2 571 665
641 2 575 669
642 2 579 673
643 2 583 677
644 2 587 681
645 2 591 685
646 2 595 689
647 2 599 693
648 2 603 697
649 2 607 701
650 2 611 705
651 2 615 709
652 2 619 713
653 2 623 717
654 2 627 721
655 2 631 725
656 2 635 729
657 2 638 658
658 2 657 659
659 3 658 660 732
660 2 659 661
661 3 639 660 662
662 2 661 663
663 3 662 664 733
664 2 663 665
665 3 640 664 666
666 2 665 667
667 3 666 668 734
668 2 667 669
669 3 641 668 670
670 2 669 671
671 3 670 672 735
672 2 671 673
673 3 642 672 674
674 2 673 675
675 3 674 676 736
676 2 675 677
677 3 643 676 678
678 2 677 679
679 3 678 680 737
680 2 679 681
681 3 644 680 682
682 2 681 683
683 3 682 684 738
684 2 683 685
685 3 645 684 686
686 2 685 687
687 3 686 688 739
688 2 687 689
689 3 646 688 690
690 2 689 691
691 3 690 692 740
692 2 691 693
693 3 647 692 694
694 2 693 695
695 3 694 696 741
696 2 695 697
697 3 648 696 698
698 2 697 699
699 3 698 700 742
700 2 699 701
701 3 649 700 702
702 2 701 703
703 3 702 704 743
704 2 703 705
705 3 650 704 706
706 2 705 707
707 3 706 708 744
708 2 707 709
709 3 651 708 710
710 2 709 711
711 3 710 712 745
712 2 711 713
713 3 652 712 714
714 2 713 715
715 3 714 716 746
716 2 715 717
717 3 653 716 718
718 2 717 719
719 3 718 720 747
720 2 719 721
721 3 654 720 722
722 2 721 723
723 3 722 724 748
724 2 723 725
725 3 655 724 726
726 2 725 727
727 3 726 728 749
728 2 727 729
729 3 656 728 730
730 2 729 731
731 2 730 750
732 2 659 753
733 2 663 757
734 2 667 761
735 2 671 765
736 2 675 769
737 2 679 773
738 2 683 777
739 2 687 781
740 2 691 785
741 2 695 789
742 2 699 793
743 2 703 797
744 2 707 801
745 2 711 805
746 2 715 809
747 2 719 813
748 2 723 817
749 2 727 821
750 2 731 825
751 2 752 826
752 2 751 753
753 3 732 752 754
754 2 753 755
755 3 754 756 827
756 2 755 757
757 3 733 756 758
758 2 757 759
759 3 758 760 828
760 2 759 761
761 3 734 760 762
762 2 761 763
763 3 762 764 829
764 2 763 765
765 3 735 764 766
766 2 765 767
767 3 766 768 830
768 2 767 769
769 3 736 768 770
770 2 769 771
771 3 770 772 831
772 2 771 773
773 3 737 772 774
774 2 773 775
775 3 774 776 832
776 2 775 777
777 3 738 776 778
778 2 777 779
779 3 778 780 833
780 2 779 781
781 3 739 780 782
782 2 781 783
783 3 782 784 834
784 2 783 785
785 3 740 784 786
786 2 785 787
787 3 786 788 835
788 2 787 789
789 3 741 788 790
790 2 789 791
791 3 790 792 836
792 2 791 793
793 3 742 792 794
794 2 793 795
795 3 794 796 837
796 2 795 797
797 3 743 796 798
798 2 797 799
799 3 798 800 838
800 2 799 801
801 3 744 800 802
802 2 801 803
803 3 802 804 839
804 2 803 805
805 3 745 804 806
806 2 805 807
807 3 806 808 840
808 2 807 809
809 3 746 808 810
810 2 809 811
811 3 810 812 841
812 2 811 813
813 3 747 812 814
814 2 813 815
815 3 814 816 842
816 2 815 817
817 3 748 816 818
818 2 817 819
819 3 818 820 843
820 2 819 821
821 3 749 820 822
822 2 821 823
823 3 822 824 844
824 2 823 825
825 2 750 824
826 2 751 845
827 2 755 849
828 2 759 853
829 2 763 857
830 2 767 861
831 2 771 865
832 2 775 869
833 2 779 873
834 2 783 877
835 2 787 881
836 2 791 885
837 2 795 889
838 2 799 893
839 2 803 897
840 2 807 901
841 2 811 905
842 2 815 909
843 2 819 913
844 2 823 917
845 2 826 846
846 2 845 847
847 3 846 848 920
848 2 847 849
849 3 827 848 850
850 2 849 851
851 3 850 852 921
852 2 851 853
853 3 828 852 854
854 2 853 855
855 3 854 856 922
856 2 855 857
857 3 829 856 858
858 2 857 859
859 3 858 860 923
860 2 859 861
861 3 830 860 862
862 2 861 863
863 3 862 864 924
864 2 863 865
865 3 831 864 866
866 2 865 867
867 3 866 868 925
868 2 867 869
869 3 832 868 870
870 2 869 871
871 3 870 872 926
872 2 871 873
873 3 833 872 874
874 2 873 875
875 3 874 876 927
876 2 875 877
877 3 834 876 878
878 2 877 879
879 3 878 880 928
880 2 879 881
881 3 835 880 882
882 2 881 883
883 3 882 884 929
884 2 883 885
885 3 836 884 886
886 2 885 887
887 3 886 888 930
888 2 887 889
889 3 837 888 890
890 2 889 891
891 3 890 892 931
892 2 891 893
893 3 838 892 894
894 2 893 895
895 3 894 896 932
896 2 895 897
897 3 839 896 898
898 2 897 899
899 3 898 900 933
900 2 899 901
901 3 840 900 902
902 2 901 903
903 3 902 904 934
904 2 903 905
905 3 841 904 906
906 2 905 907
907 3 906 908 935
908 2 907 909
909 3 842 908 910
910 2 909 911
911 3 910 912 936
912 2 911 913
913 3 843 912 914
914 2 913 915
915 3 914 916 937
916 2 915 917
917 3 844 916 918
918 2 917 919
919 2 918 938
920 2 847 941
921 2 851 945
922 2 855 949
923 2 859 953
924 2 863 957
925 2 867 961
926 2 871 965
927 2 875 969
928 2 879 973
929 2 883 977
930 2 887 981
931 2 891 985
932 2 895 989
933 2 899 993
934 2 903 997
935 2 907 1001
936 2 911 1005
937 2 915 1009
938 2 919 1013
939 2 940 1014
940 2 939 941
941 3 920 940 942
942 2 941 943
943 3 942 944 1015
944 2 943 945
945 3 921 944 946
946 2 945 947
947 3 946 948 1016
948 2 947 949
949 3 922 948 950
950 2 949 951
951 3 950 952 1017
952 2 951 953
953 3 923 952 954
954 2 953 955
955 3 954 956 1018
956 2 955 957
957 3 924 956 958
958 2 957 959
959 3 958 960 1019
960 2 959 961
961 3 925 960 962
962 2 961 963
963 3 962 964 1020
964 2 963 965
965 3 926 964 966
966 2 965 967
967 3 966 968 1021
968 2 967 969
969 3 927 968 970
970 2 969 971
971 3 970 972 1022
972 2 971 973
973 3 928 972 974
974 2 973 975
975 3 974 976 1023
976 2 975 977
977 3 929 976 978
978 2 977 979
979 3 978 980 1024
980 2 979 981
981 3 930 980 982
982 2 981 983
983 3 982 984 1025
984 2 983 985
985 3 931 984 986
986 2 985 987
987 3 986 988 1026
988 2 987 989
989 3 932 988 990
990 2 989 991
991 3 990 992 1027
992 2 991 993
993 3 933 992 994
994 2 993 995
995 3 994 996 1028
996 2 995 997
997 3 934 996 998
998 2 997 999
999 3 998 1000 1029
1000 2 999 1001
1001 3 935 1000 1002
1002 2 1001 1003
1003 3 1002 1004 1030
1004 2 1003 1005
1005 3 936 1004 1006
1006 2 1005 1007
1007 3 1006 1008 1031
1008 2 1007 1009
1009 3 937 1008 1010
1010 2 1009 1011
1011 3 1010 1012 1032
1012 2 1011 1013
1013 2 938 1012
1014 2 939 1033
1015 2 943 1037
1016 2 947 1041
1017 2 951 1045
1018 2 955 1049
1019 2 959 1053
1020 2 963 1057
1021 2 967 1061
1022 2 971 1065
1023 2 975 1069
1024 2 979 1073
1025 2 983 1077
1026 2 987 1081
1027 2 991 1085
1028 2 995 1089
1029 2 999 1093
1030 2 1003 1097
1031 2 1007 1101
1032 2 1011 1105
1033 2 1014 1034
1034 2 1033 1035
1035 3 1034 1036 1108
1036 2 1035 1037
1037 3 1015 1036 1038
1038 2 1037 1039
1039 3 1038 1040 1109
1040 2 1039 1041
1041 3 1016 1040 1042
1042 2 1041 1043
1043 3 1042 1044 1110
1044 2 1043 1045
1045 3 1017 1044 1046
1046 2 1045 1047
1047 3 1046 1048 1111
1048 2 1047 1049
1049 3 1018 1048 1050
1050 2 1049 1051
1051 3 1050 1052 1112
1052 2 1051 1053
1053 3 1019 1052 1054
1054 2 1053 1055
1055 3 1054 1056 1113
1056 2 1055 1057
1057 3 1020 1056 1058
1058 2 1057 1059
1059 3 1058 1060 1114
1060 2 1059 1061
1061 3 1021 1060 1062
1062 2 1061 1063
1063 3 1062 1064 1115
1064 2 1063 1065
1065 3 1022 1064 1066
1066 2 1065 1067
1067 3 1066 1068 1116
1068 2 1067 1069
1069 3 1023 1068 1070
1070 2 1069 1071
1071 3 1070 1072 1117
1072 2 1071 1073
1073 3 1024 1072 1074
1074 2 1073 1075
1075 3 1074 1076 1118
1076 2 1075 1077
1077 3 1025 1076 1078
1078 2 1077 1079
1079 3 1078 1080 1119
1080 2 1079 1081
1081 3 1026 1080 1082
1082 2 1081 1083
1083 3 1082 1084 1120
1084 2 1083 1085
1085 3 1027 1084 1086
1086 2 1085 1087
1087 3 1086 1088 1121
1088 2 1087 1089
1089 3 1028 1088 1090
1090 2 1089 1091
1091 3 1090 1092 1122
1092 2 1091 1093
1093 3 1029 1092 1094
1094 2 1093 1095
1095 3 1094 1096 1123
1096 2 1095 1097
1097 3 1030 1096 1098
1098 2 1097 1099
1099 3 1098 1100 1124
1100 2 1099 1101
1101 3 1031 1100 1102
1102 2 1101 1103
1103 3 1102 1104 1125
1104 2 1103 1105
1105 3 1032 1104 1106
1106 2 1105 1107
1107 2 1106 1126
1108 2 1035 1129
1109 2 1039 1133
1110 2 1043 1137
1111 2 1047 1141
1112 2 1051 1145
1113 2 1055 1149
1114 2 1059 1153
1115 2 1063 1157
1116 2 1067 1161
1117 2 1071 1165
1118 2 1075 1169
1119 2 1079 1173
1120 2 1083 1177
1121 2 1087 1181
1122 2 1091 1185
1123 2 1095 1189
1124 2 1099 1193
1125 2 1103 1197
1126 2 1107 1201
1127 2 1128 1202
1128 2 1127 1129
1129 3 1108 1128 1130
1130 2 1129 1131
1131 3 1130 1132 1203
1132 2 1131 1133
1133 3 1109 1132 1134
1134 2 1133 1135
1135 3 1134 1136 1204
1136 2 1135 1137
1137 3 1110 1136 1138
1138 2 1137 1139
1139 3 1138 1140 1205
1140 2 1139 1141
1141 3 1111 1140 1142
1142 2 1141 1143
1143 3 1142 1144 1206
1144 2 1143 1145
1145 3 1112 1144 1146
1146 2 1145 1147
1147 3 1146 1148 1207
1148 2 1147 1149
1149 3 1113 1148 1150
1150 2 1149 1151
1151 3 1150 1152 1208
1152 2 1151 1153
1153 3 1114 1152 1154
1154 2 1153 1155
1155 3 1154 1156 1209
1156 2 1155 1157
1157 3 1115 1156 1158
1158 2 1157 1159
1159 3 1158 1160 1210
1160 2 1159 1161
1161 3 1116 1160 1162
1162 2 1161 1163
1163 3 1162 1164 1211
1164 2 1163 1165
1165 3 1117 1164 1166
1166 2 1165 1167
1167 3 1166 1168 1212
1168 2 1167 1169
1169 3 1118 1168 1170
1170 2 1169 1171
1171 3 1170 1172 1213
1172 2 1171 1173
1173 3 1119 1172 1174
1174 2 1173 1175
1175 3 1174 1176 1214
1176 2 1175 1177
1177 3 1120 1176 1178
1178 2 1177 1179
1179 3 1178 1180 1215
1180 2 1179 1181
1181 3 1121 1180 1182
1182 2 1181 1183
1183 3 1182 1184 1216
1184 2 1183 1185
1185 3 1122 1184 1186
1186 2 1185 1187
1187 3 1186 1188 1217
1188 2 1187 1189
1189 3 1123 1188 1190
1190 2 1189 1191
1191 3 1190 1192 1218
1192 2 1191 1193
1193 3 1124 1192 1194
1194 2 1193 1195
1195 3 1194 1196 1219
1196 2 1195 1197
1197 3 1125 1196 1198
1198 2 1197 1199
1199 3 1198 1200 1220
1200 2 1199 1201
1201 2 1126 1200
1202 2 1127 1221
1203 2 1131 1225
1204 2 1135 1229
1205 2 1139 1233
1206 2 1143 1237
1207 2 1147 1241
1208 2 1151 1245
1209 2 1155 1249
1210 2 1159 1253
1211 2 1163 1257
1212 2 1167 1261
1213 2 1171 1265
1214 2 1175 1269
1215 2 1179 1273
1216 2 1183 1277
1217 2 1187 1281
1218 2 1191 1285
1219 2 1195 1289
1220 2 1199 1293
1221 2 1202 1222
1222 2 1221 1223
1223 3 1222 1224 1296
1224 2 1223 1225
1225 3 1203 1224 1226
1226 2 1225 1227
1227 3 1226 1228 1297
1228 2 1227 1229
1229 3 1204 1228 1230
1230 2 1229 1231
1231 3 1230 1232 1298
1232 2 1231 1233
1233 3 1205 1232 1234
1234 2 1233 1235
1235 3 1234 1236 1299
1236 2 1235 1237
1237 3 1206 1236 1238
1238 2 1237 1239
1239 3 1238 1240 1300
1240 2 1239 1241
1241 3 1207 1240 1242
1242 2 1241 1243
1243 3 1242 1244 1301
1244 2 1243 1245
1245 3 1208 1244 1246
1246 2 1245 1247
1247 3 1246 1248 1302
1248 2 1247 1249
1249 3 1209 1248 1250
1250 2 1249 1251
1251 3 1250 1252 1303
1252 2 1251 1253
1253 3 1210 1252 1254
1254 2 1253 1255
1255 3 1254 1256 1304
1256 2 1255 1257
1257 3 1211 1256 1258
1258 2 1257 1259
1259 3 1258 1260 1305
1260 2 1259 1261
1261 3 1212 1260 1262
1262 2 1261 1263
1263 3 1262 1264 1306
1264 2 1263 1265
1265 3 1213 1264 1266
1266 2 1265 1267
1267 3 1266 1268 1307
1268 2 1267 1269
1269 3 1214 1268 1270
1270 2 1269 1271
1271 3 1270 1272 1308
1272 2 1271 1273
1273 3 1215 1272 1274
1274 2 1273 1275
1275 3 1274 1276 1309
1276 2 1275 1277
1277 3 1216 1276 1278
1278 2 1277 1279
1279 3 1278 1280 1310
1280 2 1279 1281
1281 3 1217 1280 1282
1282 2 1281 1283
1283 3 1282 1284 1311
1284 2 1283 1285
1285 3 1218 1284 1286
1286 2 1285 1287
1287 3 1286 1288 1312
1288 2 1287 1289
1289 3 1219 1288 1290
1290 2 1289 1291
1291 3 1290 1292 1313
1292 2 1291 1293
1293 3 1220 1292 1294
1294 2 1293 1295
1295 2 1294 1314
1296 2 1223 1317
1297 2 1227 1321
1298 2 1231 1325
1299 2 1235 1329
1300 2 1239 1333
1301 2 1243 1337
1302 2 1247 1341
1303 2 1251 1345
1304 2 1255 1349
1305 2 1259 1353
1306 2 1263 1357
1307 2 1267 1361
1308 2 1271 1365
1309 2 1275 1369
1310 2 1279 1373
1311 2 1283 1377
1312 2 1287 1381
1313 2 1291 1385
1314 2 1295 1389
1315 2 1316 1390
1316 2 1315 1317
1317 3 1296 1316 1318
1318 2 1317 1319
1319 3 1318 1320 1391
1320 2 1319 1321
1321 3 1297 1320 1322
1322 2 1321 1323
1323 3 1322 1324 1392
1324 2 1323 1325
1325 3 1298 1324 1326
1326 2 1325 1327
1327 3 1326 1328 1393
1328 2 1327 1329
1329 3 1299 1328 1330
1330 2 1329 1331
1331 3 1330 1332 1394
1332 2 1331 1333
1333 3 1300 1332 1334
1334 2 1333 1335
1335 3 1334 1336 1395
1336 2 1335 1337
1337 3 1301 1336 1338
1338 2 1337 1339
1339 3 1338 1340 1396
1340 2 1339 1341
1341 3 1302 1340 1342
1342 2 1341 1343
1343 3 1342 1344 1397
1344 2 1343 1345
1345 3 1303 1344 1346
1346 2 1345 1347
1347 3 1346 1348 1398
1348 2 1347 1349
1349 3 1304 1348 1350
1350 2 1349 1351
1351 3 1350 1352 1399
1352 2 1351 1353
1353 3 1305 1352 1354
1354 2 1353 1355
1355 3 1354 1356 1400
1356 2 1355 1357
1357 3 1306 1356 1358
1358 2 1357 1359
1359 3 1358 1360 1401
1360 2 1359 1361
1361 3 1307 1360 1362
1362 2 1361 1363
1363 3 1362 1364 1402
1364 2 1363 1365
1365 3 1308 1364 1366
1366 2 1365 1367
1367 3 1366 1368 1403
1368 2 1367 1369
1369 3 1309 1368 1370
1370 2 1369 1371
1371 3 1370 1372 1404
1372 2 1371 1373
1373 3 1310 1372 1374
1374 2 1373 1375
1375 3 1374 1376 1405
1376 2 1375 1377
1377 3 1311 1376 1378
1378 2 1377 1379
1379 3 1378 1380 1406
1380 2 1379 1381
1381 3 1312 1380 1382
1382 2 1381 1383
1383 3 1382 1384 1407
1384 2 1383 1385
1385 3 1313 1384 1386
1386 2 1385 1387
1387 3 1386 1388 1408
1388 2 1387 1389
1389 2 1314 1388
1390 2 1315 1409
1391 2 1319 1413
1392 2 1323 1417
1393 2 1327 1421
1394 2 1331 1425
1395 2 1335 1429
1396 2 1339 1433
1397 2 1343 1437
1398 2 1347 1441
1399 2 1351 1445
1400 2 1355 1449
1401 2 1359 1453
1402 2 1363 1457
1403 2 1367 1461
1404 2 1371 1465
1405 2 1375 1469
1406 2 1379 1473
1407 2 1383 1477
1408 2 1387 1481
1409 2 1390 1410
1410 2 1409 1411
1411 3 1410 1412 1484
1412 2 1411 1413
1413 3 1391 1412 1414
1414 2 1413 1415
1415 3 1414 1416 1485
1416 2 1415 1417
1417 3 1392 1416 1418
1418 2 1417 1419
1419 3 1418 1420 1486
1420 2 1419 1421
1421 3 1393 1420 1422
1422 2 1421 1423
1423 3 1422 1424 1487
1424 2 1423 1425
1425 3 1394 1424 1426
1426 2 1425 1427
1427 3 1426 1428 1488
1428 2 1427 1429
1429 3 1395 1428 1430
1430 2 1429 1431
1431 3 1430 1432 1489
1432 2 1431 1433
1433 3 1396 1432 1434
1434 2 1433 1435
1435 3 1434 1436 1490
1436 2 1435 1437
1437 3 1397 1436 1438
1438 2 1437 1439
1439 3 1438 1440 1491
1440 2 1439 1441
1441 3 1398 1440 1442
1442 2 1441 1443
1443 3 1442 1444 1492
1444 2 1443 1445
1445 3 1399 1444 1446
1446 2 1445 1447
1447 3 1446 1448 1493
1448 2 1447 1449
1449 3 1400 1448 1450
1450 2 1449 1451
1451 3 1450 1452 1494
1452 2 1451 1453
1453 3 1401 1452 1454
1454 2 1453 1455
1455 3 1454 1456 1495
1456 2 1455 1457
1457 3 1402 1456 1458
1458 2 1457 1459
1459 3 1458 1460 1496
1460 2 1459 1461
1461 3 1403 1460 1462
1462 2 1461 1463
1463 3 1462 1464 1497
1464 2 1463 1465
1465 3 1404 1464 1466
1466 2 1465 1467
1467 3 1466 1468 1498
1468 2 1467 1469
1469 3 1405 1468 1470
1470 2 1469 1471
1471 3 1470 1472 1499
1472 2 1471 1473
1473 3 1406 1472 1474
1474 2 1473 1475
1475 3 1474 1476 1500
1476 2 1475 1477
1477 3 1407 1476 1478
1478 2 1477 1479
1479 3 1478 1480 1501
1480 2 1479 1481
1481 3 1408 1480 1482
1482 2 1481 1483
1483 2 1482 1502
1484 2 1411 1505
1485 2 1415 1509
1486 2 1419 1513
1487 2 1423 1517
1488 2 1427 1521
1489 2 1431 1525
1490 2 1435 1529
1491 2 1439 1533
1492 2 1443 1537
1493 2 1447 1541
1494 2 1451 1545
1495 2 1455 1549
1496 2 1459 1553
1497 2 1463 1557
1498 2 1467 1561
1499 2 1471 1565
1500 2 1475 1569
1501 2 1479 1573
1502 2 1483 1577
1503 2 1504 1578
1504 2 1503 1505
1505 3 1484 1504 1506
1506 2 1505 1507
1507 3 1506 1508 1579
1508 2 1507 1509
1509 3 1485 1508 1510
1510 2 1509 1511
1511 3 1510 1512 1580
1512 2 1511 1513
1513 3 1486 1512 1514
1514 2 1513 1515
1515 3 1514 1516 1581
1516 2 1515 1517
1517 3 1487 1516 1518
1518 2 1517 1519
1519 3 1518 1520 1582
1520 2 1519 1521
1521 3 1488 1520 1522
1522 2 1521 1523
1523 3 1522 1524 1583
1524 2 1523 1525
1525 3 1489 1524 1526
1526 2 1525 1527
1527 3 1526 1528 1584
1528 2 1527 1529
1529 3 1490 1528 1530
1530 2 1529 1531
1531 3 1530 1532 1585
1532 2 1531 1533
1533 3 1491 1532 1534
1534 2 1533 1535
1535 3 1534 1536 1586
1536 2 1535 1537
1537 3 1492 1536 1538
1538 2 1537 1539
1539 3 1538 1540 1587
1540 2 1539 1541
1541 3 1493 1540 1542
1542 2 1541 1543
1543 3 1542 1544 1588
1544 2 1543 1545
1545 3 1494 1544 1546
1546 2 1545 1547
1547 3 1546 1548 1589
1548 2 1547 1549
1549 3 1495 1548 1550
1550 2 1549 1551
1551 3 1550 1552 1590
1552 2 1551 1553
1553 3 1496 1552 1554
1554 2 1553 1555
1555 3 1554 1556 1591
1556 2 1555 1557
1557 3 1497 1556 1558
1558 2 1557 1559
1559 3 1558 1560 1592
1560 2 1559 1561
1561 3 1498 1560 1562
1562 2 1561 1563
1563 3 1562 1564 1593
1564 2 1563 1565
1565 3 1499 1564 1566
1566 2 1565 1567
1567 3 1566 1568 1594
1568 2 1567 1569
1569 3 1500 1568 1570
1570 2 1569 1571
1571 3 1570 1572 1595
1572 2 1571 1573
1573 3 1501 1572 1574
1574 2 1573 1575
1575 3 1574 1576 1596
1576 2 1575 1577
1577 2 1502 1576
1578 2 1503 1597
1579 2 1507 1601
1580 2 1511 1605
1581 2 1515 1609
1582 2 1519 1613
1583 2 1523 1617
1584 2 1527 1621
1585 2 1531 1625
1586 2 1535 1629
1587 2 1539 1633
1588 2 1543 1637
1589 2 1547 1641
1590 2 1551 1645
1591 2 1555 1649
1592 2 1559 1653
1593 2 1563 1657
1594 2 1567 1661
1595 2 1571 1665
1596 2 1575 1669
1597 2 1578 1598
1598 2 1597 1599
1599 3 1598 1600 1672
1600 2 1599 1601
1601 3 1579 1600 1602
1602 2 1601 1603
1603 3 1602 1604 1673
1604 2 1603 1605
1605 3 1580 1604 1606
1606 2 1605 1607
1607 3 1606 1608 1674
1608 2 1607 1609
1609 3 1581 1608 1610
1610 2 1609 1611
1611 3 1610 1612 1675
1612 2 1611 1613
1613 3 1582 1612 1614
1614 2 1613 1615
1615 3 1614 1616 1676
1616 2 1615 1617
1617 3 1583 1616 1618
1618 2 1617 1619
1619 3 1618 1620 1677
1620 2 1619 1621
1621 3 1584 1620 1622
1622 2 1621 1623
1623 3 1622 1624 1678
1624 2 1623 1625
1625 3 1585 1624 1626
1626 2 1625 1627
1627 3 1626 1628 1679
1628 2 1627 1629
1629 3 1586 1628 1630
1630 2 1629 1631
1631 3 1630 1632 1680
1632 2 1631 1633
1633 3 1587 1632 1634
1634 2 1633 1635
1635 3 1634 1636 1681
1636 2 1635 1637
1637 3 1588 1636 1638
1638 2 1637 1639
1639 3 1638 1640 1682
1640 2 1639 1641
1641 3 1589 1640 1642
1642 2 1641 1643
1643 3 1642 1644 1683
1644 2 1643 1645
1645 3 1590 1644 1646
1646 2 1645 1647
1647 3 1646 1648 1684
1648 2 1647 1649
1649 3 1591 1648 1650
1650 2 1649 1651
1651 3 1650 1652 1685
1652 2 1651 1653
1653 3 1592 1652 1654
1654 2 1653 1655
1655 3 1654 1656 1686
1656 2 1655 1657
1657 3 1593 1656 1658
1658 2 1657 1659
1659 3 1658 1660 1687
1660 2 1659 1661
1661 3 1594 1660 1662
1662 2 1661 1663
1663 3 1662 1664 1688
1664 2 1663 1665
1665 3 1595 1664 1666
1666 2 1665 1667
1667 3 1666 1668 1689
1668 2 1667 1669
1669 3 1596 1668 1670
1670 2 1669 1671
1671 2 1670 1690
1672 2 1599 1693
1673 2 1603 1697
1674 2 1607 1701
1675 2 1611 1705
1676 2 1615 1709
1677 2 1619 1713
1678 2 1623 1717
1679 2 1627 1721
1680 2 1631 1725
1681 2 1635 1729
1682 2 1639 1733
1683 2 1643 1737
1684 2 1647 1741
1685 2 1651 1745
1686 2 1655 1749
1687 2 1659 1753
1688 2 1663 1757
1689 2 1667 1761
1690 2 1671 1765
1691 2 1692 1766
1692 2 1691 1693
1693 3 1672 1692 1694
1694 2 1693 1695
1695 3 1694 1696 1767
1696 2 1695 1697
1697 3 1673 1696 1698
1698 2 1697 1699
1699 3 1698 1700 1768
1700 2 1699 1701
1701 3 1674 1700 1702
1702 2 1701 1703
1703 3 1702 1704 1769
1704 2 1703 1705
1705 3 1675 1704 1706
1706 2 1705 1707
1707 3 1706 1708 1770
1708 2 1707 1709
1709 3 1676 1708 1710
1710 2 1709 1711
1711 3 1710 1712 1771
1712 2 1711 1713
1713 3 1677 1712 1714
1714 2 1713 1715
1715 3 1714 1716 1772
1716 2 1715 1717
1717 3 1678 1716 1718
1718 2 1717 1719
1719 3 1718 1720 1773
1720 2 1719 1721
1721 3 1679 1720 1722
1722 2 1721 1723
1723 3 1722 1724 1774
1724 2 1723 1725
1725 3 1680 1724 1726
1726 2 1725 1727
1727 3 1726 1728 1775
1728 2 1727 1729
1729 3 1681 1728 1730
1730 2 1729 1731
1731 3 1730 1732 1776
1732 2 1731 1733
1733 3 1682 1732 1734
1734 2 1733 1735
1735 3 1734 1736 1777
1736 2 1735 1737
1737 3 1683 1736 1738
1738 2 1737 1739
1739 3 1738 1740 1778
1740 2 1739 1741
1741 3 1684 1740 1742
1742 2 1741 1743
1743 3 1742 1744 1779
1744 2 1743 1745
1745 3 1685 1744 1746
1746 2 1745 1747
1747 3 1746 1748 1780
1748 2 1747 1749
1749 3 1686 1748 1750
1750 2 1749 1751
1751 3 1750 1752 1781
1752 2 1751 1753
1753 3 1687 1752 1754
1754 2 1753 1755
1755 3 1754 1756 1782
1756 2 1755 1757
1757 3 1688 1756 1758
1758 2 1757 1759
1759 3 1758 1760 1783
1760 2 1759 1761
1761 3 1689 1760 1762
1762 2 1761 1763
1763 3 1762 1764 1784
1764 2 1763 1765
1765 2 1690 1764
1766 2 1691 1785
1767 2 1695 1789
1768 2 1699 1793
1769 2 1703 1797
1770 2 1707 1801
1771 2 1711 1805
1772 2 1715 1809
1773 2 1719 1813
1774 2 1723 1817
1775 2 1727 1821
1776 2 1731 1825
1777 2 1735 1829
1778 2 1739 1833
1779 2 1743 1837
1780 2 1747 1841
1781 2 1751 1845
1782 2 1755 1849
1783 2 1759 1853
1784 2 1763 1857
1785 2 1766 1786
1786 2 1785 1787
1787 3 1786 1788 1860
1788 2 1787 1789
1789 3 1767 1788 1790
1790 2 1789 1791
1791 3 1790 1792 1861
1792 2 1791 1793
1793 3 1768 1792 1794
1794 2 1793 1795
1795 3 1794 1796 1862
1796 2 1795 1797
1797 3 1769 1796 1798
1798 2 1797 1799
1799 3 1798 1800 1863
1800 2 1799 1801
1801 3 1770 1800 1802
1802 2 1801 1803
1803 3 1802 1804 1864
1804 2 1803 1805
1805 3 1771 1804 1806
1806 2 1805 1807
1807 3 1806 1808 1865
1808 2 1807 1809
1809 3 1772 1808 1810
1810 2 1809 1811
1811 3 1810 1812 1866
1812 2 1811 1813
1813 3 1773 1812 1814
1814 2 1813 1815
1815 3 1814 1816 1867
1816 2 1815 1817
1817 3 1774 1816 1818
1818 2 1817 1819
1819 3 1818 1820 1868
1820 2 1819 1821
1821 3 1775 1820 1822
1822 2 1821 1823
1823 3 1822 1824 1869
1824 2 1823 1825
1825 3 1776 1824 1826
1826 2 1825 1827
1827 3 1826 1828 1870
1828 2 1827 1829
1829 3 1777 1828 1830
1830 2 1829 1831
1831 3 1830 1832 1871
1832 2 1831 1833
1833 3 1778 1832 1834
1834 2 1833 1835
1835 3 1834 1836 1872
1836 2 1835 1837
1837 3 1779 1836 1838
1838 2 1837 1839
1839 3 1838 1840 1873
1840 2 1839 1841
1841 3 1780 1840 1842
1842 2 1841 1843
1843 3 1842 1844 1874
1844 2 1843 1845
1845 3 1781 1844 1846
1846 2 1845 1847
1847 3 1846 1848 1875
1848 2 1847 1849
1849 3 1782 1848 1850
1850 2 1849 1851
1851 3 1850 1852 1876
1852 2 1851 1853
1853 3 1783 1852 1854
1854 2 1853 1855
1855 3 1854 1856 1877
1856 2 1855 1857
1857 3 1784 1856 1858
1858 2 1857 1859
1859 2 1858 1878
1860 2 1787 1881
1861 2 1791 1885
1862 2 1795 1889
1863 2 1799 1893
1864 2 1803 1897
1865 2 1807 1901
1866 2 1811 1905
1867 2 1815 1909
1868 2 1819 1913
1869 2 1823 1917
1870 2 1827 1921
1871 2 1831 1925
1872 2 1835 1929
1873 2 1839 1933
1874 2 1843 1937
1875 2 1847 1941
1876 2 1851 1945
1877 2 1855 1949
1878 2 1859 1953
1879 2 1880 1954
1880 2 1879 1881
1881 3 1860 1880 1882
1882 2 1881 1883
1883 3 1882 1884 1955
1884 2 1883 1885
1885 3 1861 1884 1886
1886 2 1885 1887
1887 3 1886 1888 1956
1888 2 1887 1889
1889 3 1862 1888 1890
1890 2 1889 1891
1891 3 1890 1892 1957
1892 2 1891 1893
1893 3 1863 1892 1894
1894 2 1893 1895
1895 3 1894 1896 1958
1896 2 1895 1897
1897 3 1864 1896 1898
1898 2 1897 1899
1899 3 1898 1900 1959
1900 2 1899 1901
1901 3 1865 1900 1902
1902 2 1901 1903
1903 3 1902 1904 1960
1904 2 1903 1905
1905 3 1866 1904 1906
1906 2 1905 1907
1907 3 1906 1908 1961
1908 2 1907 1909
1909 3 1867 1908 1910
1910 2 1909 1911
1911 3 1910 1912 1962
1912 2 1911 1913
1913 3 1868 1912 1914
1914 2 1913 1915
1915 3 1914 1916 1963
1916 2 1915 1917
1917 3 1869 1916 1918
1918 2 1917 1919
1919 3 1918 1920 1964
1920 2 1919 1921
1921 3 1870 1920 1922
1922 2 1921 1923
1923 3 1922 1924 1965
1924 2 1923 1925
1925 3 1871 1924 1926
1926 2 1925 1927
1927 3 1926 1928 1966
1928 2 1927 1929
1929 3 1872 1928 1930
1930 2 1929 1931
1931 3 1930 1932 1967
1932 2 1931 1933
1933 3 1873 1932 1934
1934 2 1933 1935
1935 3 1934 1936 1968
1936 2 1935 1937
1937 3 1874 1936 1938
1938 2 1937 1939
1939 3 1938 1940 1969
1940 2 1939 1941
1941 3 1875 1940 1942
1942 2 1941 1943
1943 3 1942 1944 1970
1944 2 1943 1945
1945 3 1876 1944 1946
1946 2 1945 1947
1947 3 1946 1948 1971
1948 2 1947 1949
1949 3 1877 1948 1950
1950 2 1949 1951
1951 3 1950 1952 1972
1952 2 1951 1953
1953 2 1878 1952
1954 2 1879 1973
1955 2 1883 1977
1956 2 1887 1981
1957 2 1891 1985
1958 2 1895 1989
1959 2 1899 1993
1960 2 1903 1997
1961 2 1907 2001
1962 2 1911 2005
1963 2 1915 2009
1964 2 1919 2013
1965 2 1923 2017
1966 2 1927 2021
1967 2 1931 2025
1968 2 1935 2029
1969 2 1939 2033
1970 2 1943 2037
1971 2 1947 2041
1972 2 1951 2045
1973 2 1954 1974
1974 2 1973 1975
1975 3 1974 1976 2048
1976 2 1975 1977
1977 3 1955 1976 1978
1978 2 1977 1979
1979 3 1978 1980 2049
1980 2 1979 1981
1981 3 1956 1980 1982
1982 2 1981 1983
1983 3 1982 1984 2050
1984 2 1983 1985
1985 3 1957 1984 1986
1986 2 1985 1987
1987 3 1986 1988 2051
1988 2 1987 1989
1989 3 1958 1988 1990
1990 2 1989 1991
1991 3 1990 1992 2052
1992 2 1991 1993
1993 3 1959 1992 1994
1994 2 1993 1995
1995 3 1994 1996 2053
1996 2 1995 1997
1997 3 1960 1996 1998
1998 2 1997 1999
1999 3 1998 2000 2054
2000 2 1999 2001
2001 3 1961 2000 2002
2002 2 2001 2003
2003 3 2002 2004 2055
2004 2 2003 2005
2005 3 1962 2004 2006
2006 2 2005 2007
2007 3 2006 2008 2056
2008 2 2007 2009
2009 3 1963 2008 2010
2010 2 2009 2011
2011 3 2010 2012 2057
2012 2 2011 2013
2013 3 1964 2012 2014
2014 2 2013 2015
2015 3 2014 2016 2058
2016 2 2015 2017
2017 3 1965 2016 2018
2018 2 2017 2019
2019 3 2018 2020 2059
2020 2 2019 2021
2021 3 1966 2020 2022
2022 2 2021 2023
2023 3 2022 2024 2060
2024 2 2023 2025
2025 3 1967 2024 2026
2026 2 2025 2027
2027 3 2026 2028 2061
2028 2 2027 2029
2029 3 1968 2028 2030
2030 2 2029 2031
2031 3 2030 2032 2062
2032 2 2031 2033
2033 3 1969 2032 2034
2034 2 2033 2035
2035 3 2034 2036 2063
2036 2 2035 2037
2037 3 1970 2036 2038
2038 2 2037 2039
2039 3 2038 2040 2064
2040 2 2039 2041
2041 3 1971 2040 2042
2042 2 2041 2043
2043 3 2042 2044 2065
2044 2 2043 2045
2045 3 1972 2044 2046
2046 2 2045 2047
2047 2 2046 2066
2048 2 1975 2069
2049 2 1979 2073
2050 2 1983 2077
2051 2 1987 2081
2052 2 1991 2085
2053 2 1995 2089
2054 2 1999 2093
2055 2 2003 2097
2056 2 2007 2101
2057 2 2011 2105
2058 2 2015 2109
2059 2 2019 2113
2060 2 2023 2117
2061 2 2027 2121
2062 2 2031 2125
2063 2 2035 2129
2064 2 2039 2133
2065 2 2043 2137
2066 2 2047 2141
2067 2 2068 2142
2068 2 2067 2069
2069 3 2048 2068 2070
2070 2 2069 2071
2071 3 2070 2072 2143
2072 2 2071 2073
2073 3 2049 2072 2074
2074 2 2073 2075
2075 3 2074 2076 2144
2076 2 2075 2077
2077 3 2050 2076 2078
2078 2 2077 2079
2079 3 2078 2080 2145
2080 2 2079 2081
2081 3 2051 2080 2082
2082 2 2081 2083
2083 3 2082 2084 2146
2084 2 2083 2085
2085 3 2052 2084 2086
2086 2 2085 2087
2087 3 2086 2088 2147
2088 2 2087 2089
2089 3 2053 2088 2090
2090 2 2089 2091
2091 3 2090 2092 2148
2092 2 2091 2093
2093 3 2054 2092 2094
2094 2 2093 2095
2095 3 2094 2096 2149
2096 2 2095 2097
2097 3 2055 2096 2098
2098 2 2097 2099
2099 3 2098 2100 2150
2100 2 2099 2101
2101 3 2056 2100 2102
2102 2 2101 2103
2103 3 2102 2104 2151
2104 2 2103 2105
2105 3 2057 2104 2106
2106 2 2105 2107
2107 3 2106 2108 2152
2108 2 2107 2109
2109 3 2058 2108 2110
2110 2 2109 2111
2111 3 2110 2112 2153
2112 2 2111 2113
2113 3 2059 2112 2114
2114 2 2113 2115
2115 3 2114 2116 2154
2116 2 2115 2117
2117 3 2060 2116 2118
2118 2 2117 2119
2119 3 2118 2120 2155
2120 2 2119 2121
2121 3 2061 2120 2122
2122 2 2121 2123
2123 3 2122 2124 2156
2124 2 2123 2125
2125 3 2062 2124 2126
2126 2 2125 2127
2127 3 2126 2128 2157
2128 2 2127 2129
2129 3 2063 2128 2130
2130 2 2129 2131
2131 3 2130 2132 2158
2132 2 2131 2133
2133 3 2064 2132 2134
2134 2 2133 2135
2135 3 2134 2136 2159
2136 2 2135 2137
2137 3 2065 2136 2138
2138 2 2137 2139
2139 3 2138 2140 2160
2140 2 2139 2141
2141 2 2066 2140
2142 2 2067 2161
2143 2 2071 2165
2144 2 2075 2169
2145 2 2079 2173
2146 2 2083 2177
2147 2 2087 2181
2148 2 2091 2185
2149 2 2095 2189
2150 2 2099 2193
2151 2 2103 2197
2152 2 2107 2201
2153 2 2111 2205
2154 2 2115 2209
2155 2 2119 2213
2156 2 2123 2217
2157 2 2127 2221
2158 2 2131 2225
2159 2 2135 2229
2160 2 2139 2233
2161 2 2142 2162
2162 2 2161 2163
2163 3 2162 2164 2236
2164 2 2163 2165
2165 3 2143 2164 2166
2166 2 2165 2167
2167 3 2166 2168 2237
2168 2 2167 2169
2169 3 2144 2168 2170
2170 2 2169 2171
2171 3 2170 2172 2238
2172 2 2171 2173
2173 3 2145 2172 2174
2174 2 2173 2175
2175 3 2174 2176 2239
2176 2 2175 2177
2177 3 2146 2176 2178
2178 2 2177 2179
2179 3 2178 2180 2240
2180 2 2179 2181
2181 3 2147 2180 2182
2182 2 2181 2183
2183 3 2182 2184 2241
2184 2 2183 2185
2185 3 2148 2184 2186
2186 2 2185 2187
2187 3 2186 2188 2242
2188 2 2187 2189
2189 3 2149 2188 2190
2190 2 2189 2191
2191 3 2190 2192 2243
2192 2 2191 2193
2193 3 2150 2192 2194
2194 2 2193 2195
2195 3 2194 2196 2244
2196 2 2195 2197
2197 3 2151 2196 2198
2198 2 2197 2199
2199 3 2198 2200 2245
2200 2 2199 2201
2201 3 2152 2200 2202
2202 2 2201 2203
2203 3 2202 2204 2246
2204 2 2203 2205
2205 3 2153 2204 2206
2206 2 2205 2207
2207 3 2206 2208 2247
2208 2 2207 2209
2209 3 2154 2208 2210
2210 2 2209 2211
2211 3 2210 2212 2248
2212 2 2211 2213
2213 3 2155 2212 2214
2214 2 2213 2215
2215 3 2214 2216 2249
2216 2 2215 2217
2217 3 2156 2216 2218
2218 2 2217 2219
2219 3 2218 2220 2250
2220 2 2219 2221
2221 3 2157 2220 2222
2222 2 2221 2223
2223 3 2222 2224 2251
2224 2 2223 2225
2225 3 2158 2224 2226
2226 2 2225 2227
2227 3 2226 2228 2252
2228 2 2227 2229
2229 3 2159 2228 2230
2230 2 2229 2231
2231 3 2230 2232 2253
2232 2 2231 2233
2233 3 2160 2232 2234
2234 2 2233 2235
2235 2 2234 2254
2236 2 2163 2257
2237 2 2167 2261
2238 2 2171 2265
2239 2 2175 2269
2240 2 2179 2273
2241 2 2183 2277
2242 2 2187 2281
2243 2 2191 2285
2244 2 2195 2289
2245 2 2199 2293
2246 2 2203 2297
2247 2 2207 2301
2248 2 2211 2305
2249 2 2215 2309
2250 2 2219 2313
2251 2 2223 2317
2252 2 2227 2321
2253 2 2231 2325
2254 2 2235 2329
2255 2 2256 2330
2256 2 2255 2257
2257 3 2236 2256 2258
2258 2 2257 2259
2259 3 2258 2260 2331
2260 2 2259 2261
2261 3 2237 2260 2262
2262 2 2261 2263
2263 3 2262 2264 2332
2264 2 2263 2265
2265 3 2238 2264 2266
2266 2 2265 2267
2267 3 2266 2268 2333
2268 2 2267 2269
2269 3 2239 2268 2270
2270 2 2269 2271
2271 3 2270 2272 2334
2272 2 2271 2273
2273 3 2240 2272 2274
2274 2 2273 2275
2275 3 2274 2276 2335
2276 2 2275 2277
2277 3 2241 2276 2278
2278 2 2277 2279
2279 3 2278 2280 2336
2280 2 2279 2281
2281 3 2242 2280 2282
2282 2 2281 2283
2283 3 2282 2284 2337
2284 2 2283 2285
2285 3 2243 2284 2286
2286 2 2285 2287
2287 3 2286 2288 2338
2288 2 2287 2289
2289 3 2244 2288 2290
2290 2 2289 2291
2291 3 2290 2292 2339
2292 2 2291 2293
2293 3 2245 2292 2294
2294 2 2293 2295
2295 3 2294 2296 2340
2296 2 2295 2297
2297 3 2246 2296 2298
2298 2 2297 2299
2299 3 2298 2300 2341
2300 2 2299 2301
2301 3 2247 2300 2302
2302 2 2301 2303
2303 3 2302 2304 2342
2304 2 2303 2305
2305 3 2248 2304 2306
2306 2 2305 2307
2307 3 2306 2308 2343
2308 2 2307 2309
2309 3 2249 2308 2310
2310 2 2309 2311
2311 3 2310 2312 2344
2312 2 2311 2313
2313 3 2250 2312 2314
2314 2 2313 2315
2315 3 2314 2316 2345
2316 2 2315 2317
2317 3 2251 2316 2318
2318 2 2317 2319
2319 3 2318 2320 2346
2320 2 2319 2321
2321 3 2252 2320 2322
2322 2 2321 2323
2323 3 2322 2324 2347
2324 2 2323 2325
2325 3 2253 2324 2326
2326 2 2325 2327
2327 3 2326 2328 2348
2328 2 2327 2329
2329 2 2254 2328
2330 2 2255 2349
2331 2 2259 2353
2332 2 2263 2357
2333 2 2267 2361
2334 2 2271 2365
2335 2 2275 2369
2336 2 2279 2373
2337 2 2283 2377
2338 2 2287 2381
2339 2 2291 2385
2340 2 2295 2389
2341 2 2299 2393
2342 2 2303 2397
2343 2 2307 2401
2344 2 2311 2405
2345 2 2315 2409
2346 2 2319 2413
2347 2 2323 2417
2348 2 2327 2421
2349 2 2330 2350
2350 2 2349 2351
2351 3 2350 2352 2424
2352 2 2351 2353
2353 3 2331 2352 2354
2354 2 2353 2355
2355 3 2354 2356 2425
2356 2 2355 2357
2357 3 2332 2356 2358
2358 2 2357 2359
2359 3 2358 2360 2426
2360 2 2359 2361
2361 3 2333 2360 2362
2362 2 2361 2363
2363 3 2362 2364 2427
2364 2 2363 2365
2365 3 2334 2364 2366
2366 2 2365 2367
2367 3 2366 2368 2428
2368 2 2367 2369
2369 3 2335 2368 2370
2370 2 2369 2371
2371 3 2370 2372 2429
2372 2 2371 2373
2373 3 2336 2372 2374
2374 2 2373 2375
2375 3 2374 2376 2430
2376 2 2375 2377
2377 3 2337 2376 2378
2378 2 2377 2379
2379 3 2378 2380 2431
2380 2 2379 2381
2381 3 2338 2380 2382
2382 2 2381 2383
2383 3 2382 2384 2432
2384 2 2383 2385
2385 3 2339 2384 2386
2386 2 2385 2387
2387 3 2386 2388 2433
2388 2 2387 2389
2389 3 2340 2388 2390
2390 2 2389 2391
2391 3 2390 2392 2434
2392 2 2391 2393
2393 3 2341 2392 2394
2394 2 2393 2395
2395 3 2394 2396 2435
2396 2 2395 2397
2397 3 2342 2396 2398
2398 2 2397 2399
2399 3 2398 2400 2436
2400 2 2399 2401
2401 3 2343 2400 2402
2402 2 2401 2403
2403 3 2402 2404 2437
2404 2 2403 2405
2405 3 2344 2404 2406
2406 2 2405 2407
2407 3 2406 2408 2438
2408 2 2407 2409
2409 3 2345 2408 2410
2410 2 2409 2411
2411 3 2410 2412 2439
2412 2 2411 2413
2413 3 2346 2412 2414
2414 2 2413 2415
2415 3 2414 2416 2440
2416 2 2415 2417
2417 3 2347 2416 2418
2418 2 2417 2419
2419 3 2418 2420 2441
2420 2 2419 2421
2421 3 2348 2420 2422
2422 2 2421 2423
2423 2 2422 2442
2424 2 2351 2445
2425 2 2355 2449
2426 2 2359 2453
2427 2 2363 2457
2428 2 2367 2461
2429 2 2371 2465
2430 2 2375 2469
2431 2 2379 2473
2432 2 2383 2477
2433 2 2387 2481
2434 2 2391 2485
2435 2 2395 2489
2436 2 2399 2493
2437 2 2403 2497
2438 2 2407 2501
2439 2 2411 2505
2440 2 2415 2509
2441 2 2419 2513
2442 2 2423 2517
2443 2 2444 2518
2444 2 2443 2445
2445 3 2424 2444 2446
2446 2 2445 2447
2447 3 2446 2448 2519
2448 2 2447 2449
2449 3 2425 2448 2450
2450 2 2449 2451
2451 3 2450 2452 2520
2452 2 2451 2453
2453 3 2426 2452 2454
2454 2 2453 2455
2455 3 2454 2456 2521
2456 2 2455 2457
2457 3 2427 2456 2458
2458 2 2457 2459
2459 3 2458 2460 2522
2460 2 2459 2461
2461 3 2428 2460 2462
2462 2 2461 2463
2463 3 2462 2464 2523
2464 2 2463 2465
2465 3 2429 2464 2466
2466 2 2465 2467
2467 3 2466 2468 2524
2468 2 2467 2469
2469 3 2430 2468 2470
2470 2 2469 2471
2471 3 2470 2472 2525
2472 2 2471 2473
2473 3 2431 2472 2474
2474 2 2473 2475
2475 3 2474 2476 2526
2476 2 2475 2477
2477 3 2432 2476 2478
2478 2 2477 2479
2479 3 2478 2480 2527
2480 2 2479 2481
2481 3 2433 2480 2482
2482 2 2481 2483
2483 3 2482 2484 2528
2484 2 2483 2485
2485 3 2434 2484 2486
2486 2 2485 2487
2487 3 2486 2488 2529
2488 2 2487 2489
2489 3 2435 2488 2490
2490 2 2489 2491
2491 3 2490 2492 2530
2492 2 2491 2493
2493 3 2436 2492 2494
2494 2 2493 2495
2495 3 2494 2496 2531
2496 2 2495 2497
2497 3 2437 2496 2498
2498 2 2497 2499
2499 3 2498 2500 2532
2500 2 2499 2501
2501 3 2438 2500 2502
2502 2 2501 2503
2503 3 2502 2504 2533
2504 2 2503 2505
2505 3 2439 2504 2506
2506 2 2505 2507
2507 3 2506 2508 2534
2508 2 2507 2509
2509 3 2440 2508 2510
2510 2 2509 2511
2511 3 2510 2512 2535
2512 2 2511 2513
2513 3 2441 2512 2514
2514 2 2513 2515
2515 3 2514 2516 2536
2516 2 2515 2517
2517 2 2442 2516
2518 2 2443 2537
2519 2 2447 2541
2520 2 2451 2545
2521 2 2455 2549
2522 2 2459 2553
2523 2 2463 2557
2524 2 2467 2561
2525 2 2471 2565
2526 2 2475 2569
2527 2 2479 2573
2528 2 2483 2577
2529 2 2487 2581
2530 2 2491 2585
2531 2 2495 2589
2532 2 2499 2593
2533 2 2503 2597
2534 2 2507 2601
2535 2 2511 2605
2536 2 2515 2609
2537 2 2518 2538
2538 2 2537 2539
2539 3 2538 2540 2612
2540 2 2539 2541
2541 3 2519 2540 2542
2542 2 2541 2543
2543 3 2542 2544 2613
2544 2 2543 2545
2545 3 2520 2544 2546
2546 2 2545 2547
2547 3 2546 2548 2614
2548 2 2547 2549
2549 3 2521 2548 2550
2550 2 2549 2551
2551 3 2550 2552 2615
2552 2 2551 2553
2553 3 2522 2552 2554
2554 2 2553 2555
2555 3 2554 2556 2616
2556 2 2555 2557
2557 3 2523 2556 2558
2558 2 2557 2559
2559 3 2558 2560 2617
2560 2 2559 2561
2561 3 2524 2560 2562
2562 2 2561 2563
2563 3 2562 2564 2618
2564 2 2563 2565
2565 3 2525 2564 2566
2566 2 2565 2567
2567 3 2566 2568 2619
2568 2 2567 2569
2569 3 2526 2568 2570
2570 2 2569 2571
2571 3 2570 2572 2620
2572 2 2571 2573
2573 3 2527 2572 2574
2574 2 2573 2575
2575 3 2574 2576 2621
2576 2 2575 2577
2577 3 2528 2576 2578
2578 2 2577 2579
2579 3 2578 2580 2622
2580 2 2579 2581
2581 3 2529 2580 2582
2582 2 2581 2583
2583 3 2582 2584 2623
2584 2 2583 2585
2585 3 2530 2584 2586
2586 2 2585 2587
2587 3 2586 2588 2624
2588 2 2587 2589
2589 3 2531 2588 2590
2590 2 2589 2591
2591 3 2590 2592 2625
2592 2 2591 2593
2593 3 2532 2592 2594
2594 2 2593 2595
2595 3 2594 2596 2626
2596 2 2595 2597
2597 3 2533 2596 2598
2598 2 2597 2599
2599 3 2598 2600 2627
2600 2 2599 2601
2601 3 2534 2600 2602
2602 2 2601 2603
2603 3 2602 2604 2628
2604 2 2603 2605
2605 3 2535 2604 2606
2606 2 2605 2607
2607 3 2606 2608 2629
2608 2 2607 2609
2609 3 2536 2608 2610
2610 2 2609 2611
2611 2 2610 2630
2612 2 2539 2633
2613 2 2543 2637
2614 2 2547 2641
2615 2 2551 2645
2616 2 2555 2649
2617 2 2559 2653
2618 2 2563 2657
2619 2 2567 2661
2620 2 2571 2665
2621 2 2575 2669
2622 2 2579 2673
2623 2 2583 2677
2624 2 2587 2681
2625 2 2591 2685
2626 2 2595 2689
2627 2 2599 2693
2628 2 2603 2697
2629 2 2607 2701
2630 2 2611 2705
2631 2 2632 2706
2632 2 2631 2633
2633 3 2612 2632 2634
2634 2 2633 2635
2635 3 2634 2636 2707
2636 2 2635 2637
2637 3 2613 2636 2638
2638 2 2637 2639
2639 3 2638 2640 2708
2640 2 2639 2641
2641 3 2614 2640 2642
2642 2 2641 2643
2643 3 2642 2644 2709
2644 2 2643 2645
2645 3 2615 2644 2646
2646 2 2645 2647
2647 3 2646 2648 2710
2648 2 2647 2649
2649 3 2616 2648 2650
2650 2 2649 2651
2651 3 2650 2652 2711
2652 2 2651 2653
2653 3 2617 2652 2654
2654 2 2653 2655
2655 3 2654 2656 2712
2656 2 2655 2657
2657 3 2618 2656 2658
2658 2 2657 2659
2659 3 2658 2660 2713
2660 2 2659 2661
2661 3 2619 2660 2662
2662 2 2661 2663
2663 3 2662 2664 2714
2664 2 2663 2665
2665 3 2620 2664 2666
2666 2 2665 2667
2667 3 2666 2668 2715
2668 2 2667 2669
2669 3 2621 2668 2670
2670 2 2669 2671
2671 3 2670 2672 2716
2672 2 2671 2673
2673 3 2622 2672 2674
2674 2 2673 2675
2675 3 2674 2676 2717
2676 2 2675 2677
2677 3 2623 2676 2678
2678 2 2677 2679
2679 3 2678 2680 2718
2680 2 2679 2681
2681 3 2624 2680 2682
2682 2 2681 2683
2683 3 2682 2684 2719
2684 2 2683 2685
2685 3 2625 2684 2686
2686 2 2685 2687
2687 3 2686 2688 2720
2688 2 2687 2689
2689 3 2626 2688 2690
2690 2 2689 2691
2691 3 2690 2692 2721
2692 2 2691 2693
2693 3 2627 2692 2694
2694 2 2693 2695
2695 3 2694 2696 2722
2696 2 2695 2697
2697 3 2628 2696 2698
2698 2 2697 2699
2699 3 2698 2700 2723
2700 2 2699 2701
2701 3 2629 2700 2702
2702 2 2701 2703
2703 3 2702 2704 2724
2704 2 2703 2705
2705 2 2630 2704
2706 2 2631 2725
2707 2 2635 2729
2708 2 2639 2733
2709 2 2643 2737
2710 2 2647 2741
2711 2 2651 2745
2712 2 2655 2749
2713 2 2659 2753
2714 2 2663 2757
2715 2 2667 2761
2716 2 2671 2765
2717 2 2675 2769
2718 2 2679 2773
2719 2 2683 2777
2720 2 2687 2781
2721 2 2691 2785
2722 2 2695 2789
2723 2 2699 2793
2724 2 2703 2797
2725 2 2706 2726
2726 2 2725 2727
2727 3 2726 2728 2800
2728 2 2727 2729
2729 3 2707 2728 2730
2730 2 2729 2731
2731 3 2730 2732 2801
2732 2 2731 2733
2733 3 2708 2732 2734
2734 2 2733 2735
2735 3 2734 2736 2802
2736 2 2735 2737
2737 3 2709 2736 2738
2738 2 2737 2739
2739 3 2738 2740 2803
2740 2 2739 2741
2741 3 2710 2740 2742
2742 2 2741 2743
2743 3 2742 2744 2804
2744 2 2743 2745
2745 3 2711 2744 2746
2746 2 2745 2747
2747 3 2746 2748 2805
2748 2 2747 2749
2749 3 2712 2748 2750
2750 2 2749 2751
2751 3 2750 2752 2806
2752 2 2751 2753
2753 3 2713 2752 2754
2754 2 2753 2755
2755 3 2754 2756 2807
2756 2 2755 2757
2757 3 2714 2756 2758
2758 2 2757 2759
2759 3 2758 2760 2808
2760 2 2759 2761
2761 3 2715 2760 2762
2762 2 2761 2763
2763 3 2762 2764 2809
2764 2 2763 2765
2765 3 2716 2764 2766
2766 2 2765 2767
2767 3 2766 2768 2810
2768 2 2767 2769
2769 3 2717 2768 2770
2770 2 2769 2771
2771 3 2770 2772 2811
2772 2 2771 2773
2773 3 2718 2772 2774
2774 2 2773 2775
2775 3 2774 2776 2812
2776 2 2775 2777
2777 3 2719 2776 2778
2778 2 2777 2779
2779 3 2778 2780 2813
2780 2 2779 2781
2781 3 2720 2780 2782
2782 2 2781 2783
2783 3 2782 2784 2814
2784 2 2783 2785
2785 3 2721 2784 2786
2786 2 2785 2787
2787 3 2786 2788 2815
2788 2 2787 2789
2789 3 2722 2788 2790
2790 2 2789 2791
2791 3 2790 2792 2816
2792 2 2791 2793
2793 3 2723 2792 2794
2794 2 2793 2795
2795 3 2794 2796 2817
2796 2 2795 2797
2797 3 2724 2796 2798
2798 2 2797 2799
2799 2 2798 2818
2800 2 2727 2821
2801 2 2731 2825
2802 2 2735 2829
2803 2 2739 2833
2804 2 2743 2837
2805 2 2747 2841
2806 2 2751 2845
2807 2 2755 2849
2808 2 2759 2853
2809 2 2763 2857
2810 2 2767 2861
2811 2 2771 2865
2812 2 2775 2869
2813 2 2779 2873
2814 2 2783 2877
2815 2 2787 2881
2816 2 2791 2885
2817 2 2795 2889
2818 2 2799 2893
2819 2 2820 2894
2820 2 2819 2821
2821 3 2800 2820 2822
2822 2 2821 2823
2823 3 2822 2824 2895
2824 2 2823 2825
2825 3 2801 2824 2826
2826 2 2825 2827
2827 3 2826 2828 2896
2828 2 2827 2829
2829 3 2802 2828 2830
2830 2 2829 2831
2831 3 2830 2832 2897
2832 2 2831 2833
2833 3 2803 2832 2834
2834 2 2833 2835
2835 3 2834 2836 2898
2836 2 2835 2837
2837 3 2804 2836 2838
2838 2 2837 2839
2839 3 2838 2840 2899
2840 2 2839 2841
2841 3 2805 2840 2842
2842 2 2841 2843
2843 3 2842 2844 2900
2844 2 2843 2845
2845 3 2806 2844 2846
2846 2 2845 2847
2847 3 2846 2848 2901
2848 2 2847 2849
2849 3 2807 2848 2850
2850 2 2849 2851
2851 3 2850 2852 2902
2852 2 2851 2853
2853 3 2808 2852 2854
2854 2 2853 2855
2855 3 2854 2856 2903
2856 2 2855 2857
2857 3 2809 2856 2858
2858 2 2857 2859
2859 3 2858 2860 2904
2860 2 2859 2861
2861 3 2810 2860 2862
2862 2 2861 2863
2863 3 2862 2864 2905
2864 2 2863 2865
2865 3 2811 2864 2866
2866 2 2865 2867
2867 3 2866 2868 2906
2868 2 2867 2869
2869 3 2812 2868 2870
2870 2 2869 2871
2871 3 2870 2872 2907
2872 2 2871 2873
2873 3 2813 2872 2874
2874 2 2873 2875
2875 3 2874 2876 2908
2876 2 2875 2877
2877 3 2814 2876 2878
2878 2 2877 2879
2879 3 2878 2880 2909
2880 2 2879 2881
2881 3 2815 2880 2882
2882 2 2881 2883
2883 3 2882 2884 2910
2884 2 2883 2885
2885 3 2816 2884 2886
2886 2 2885 2887
2887 3 2886 2888 2911
2888 2 2887 2889
2889 3 2817 2888 2890
2890 2 2889 2891
2891 3 2890 2892 2912
2892 2 2891 2893
2893 2 2818 2892
2894 2 2819 2913
2895 2 2823 2917
2896 2 2827 2921
2897 2 2831 2925
2898 2 2835 2929
2899 2 2839 2933
2900 2 2843 2937
2901 2 2847 2941
2902 2 2851 2945
2903 2 2855 2949
2904 2 2859 2953
2905 2 2863 2957
2906 2 2867 2961
2907 2 2871 2965
2908 2 2875 2969
2909 2 2879 2973
2910 2 2883 2977
2911 2 2887 2981
2912 2 2891 2985
2913 2 2894 2914
2914 2 2913 2915
2915 3 2914 2916 2988
2916 2 2915 2917
2917 3 2895 2916 2918
2918 2 2917 2919
2919 3 2918 2920 2989
2920 2 2919 2921
2921 3 2896 2920 2922
2922 2 2921 2923
2923 3 2922 2924 2990
2924 2 2923 2925
2925 3 2897 2924 2926
2926 2 2925 2927
2927 3 2926 2928 2991
2928 2 2927 2929
2929 3 2898 2928 2930
2930 2 2929 2931
2931 3 2930 2932 2992
2932 2 2931 2933
2933 3 2899 2932 2934
2934 2 2933 2935
2935 3 2934 2936 2993
2936 2 2935 2937
2937 3 2900 2936 2938
2938 2 2937 2939
2939 3 2938 2940 2994
2940 2 2939 2941
2941 3 2901 2940 2942
2942 2 2941 2943
2943 3 2942 2944 2995
2944 2 2943 2945
2945 3 2902 2944 2946
2946 2 2945 2947
2947 3 2946 2948 2996
2948 2 2947 2949
2949 3 2903 2948 2950
2950 2 2949 2951
2951 3 2950 2952 2997
2952 2 2951 2953
2953 3 2904 2952 2954
2954 2 2953 2955
2955 3 2954 2956 2998
2956 2 2955 2957
2957 3 2905 2956 2958
2958 2 2957 2959
2959 3 2958 2960 2999
2960 2 2959 2961
2961 3 2906 2960 2962
2962 2 2961 2963
2963 3 2962 2964 3000
2964 2 2963 2965
2965 3 2907 2964 2966
2966 2 2965 2967
2967 3 2966 2968 3001
2968 2 2967 2969
2969 3 2908 2968 2970
2970 2 2969 2971
2971 3 2970 2972 3002
2972 2 2971 2973
2973 3 2909 2972 2974
2974 2 2973 2975
2975 3 2974 2976 3003
2976 2 2975 2977
2977 3 2910 2976 2978
2978 2 2977 2979
2979 3 2978 2980 3004
2980 2 2979 2981
2981 3 2911 2980 2982
2982 2 2981 2983
2983 3 2982 2984 3005
2984 2 2983 2985
2985 3 2912 2984 2986
2986 2 2985 2987
2987 2 2986 3006
2988 2 2915 3009
2989 2 2919 3013
2990 2 2923 3017
2991 2 2927 3021
2992 2 2931 3025
2993 2 2935 3029
2994 2 2939 3033
2995 2 2943 3037
2996 2 2947 3041
2997 2 2951 3045
2998 2 2955 3049
2999 2 2959 3053
3000 2 2963 3057
3001 2 2967 3061
3002 2 2971 3065
3003 2 2975 3069
3004 2 2979 3073
3005 2 2983 3077
3006 2 2987 3081
3007 2 3008 3082
3008 2 3007 3009
3009 3 2988 3008 3010
3010 2 3009 3011
3011 3 3010 3012 3083
3012 2 3011 3013
3013 3 2989 3012 3014
3014 2 3013 3015
3015 3 3014 3016 3084
3016 2 3015 3017
3017 3 2990 3016 3018
3018 2 3017 3019
3019 3 3018 3020 3085
3020 2 3019 3021
3021 3 2991 3020 3022
3022 2 3021 3023
3023 3 3022 3024 3086
3024 2 3023 3025
3025 3 2992 3024 3026
3026 2 3025 3027
3027 3 3026 3028 3087
3028 2 3027 3029
3029 3 2993 3028 3030
3030 2 3029 3031
3031 3 3030 3032 3088
3032 2 3031 3033
3033 3 2994 3032 3034
3034 2 3033 3035
3035 3 3034 3036 3089
3036 2 3035 3037
3037 3 2995 3036 3038
3038 2 3037 3039
3039 3 3038 3040 3090
3040 2 3039 3041
3041 3 2996 3040 3042
3042 2 3041 3043
3043 3 3042 3044 3091
3044 2 3043 3045
3045 3 2997 3044 3046
3046 2 3045 3047
3047 3 3046 3048 3092
3048 2 3047 3049
3049 3 2998 3048 3050
3050 2 3049 3051
3051 3 3050 3052 3093
3052 2 3051 3053
3053 3 2999 3052 3054
3054 2 3053 3055
3055 3 3054 3056 3094
3056 2 3055 3057
3057 3 3000 3056 3058
3058 2 3057 3059
3059 3 3058 3060 3095
3060 2 3059 3061
3061 3 3001 3060 3062
3062 2 3061 3063
3063 3 3062 3064 3096
3064 2 3063 3065
3065 3 3002 3064 3066
3066 2 3065 3067
3067 3 3066 3068 3097
3068 2 3067 3069
3069 3 3003 3068 3070
3070 2 3069 3071
3071 3 3070 3072 3098
3072 2 3071 3073
3073 3 3004 3072 3074
3074 2 3073 3075
3075 3 3074 3076 3099
3076 2 3075 3077
3077 3 3005 3076 3078
3078 2 3077 3079
3079 3 3078 3080 3100
3080 2 3079 3081
3081 2 3006 3080
3082 2 3007 3101
3083 2 3011 3105
3084 2 3015 3109
3085 2 3019 3113
3086 2 3023 3117
3087 2 3027 3121
3088 2 3031 3125
3089 2 3035 3129
3090 2 3039 3133
3091 2 3043 3137
3092 2 3047 3141
3093 2 3051 3145
3094 2 3055 3149
3095 2 3059 3153
3096 2 3063 3157
3097 2 3067 3161
3098 2 3071 3165
3099 2 3075 3169
3100 2 3079 3173
3101 2 3082 3102
3102 2 3101 3103
3103 3 3102 3104 3176
3104 2 3103 3105
3105 3 3083 3104 3106
3106 2 3105 3107
3107 3 3106 3108 3177
3108 2 3107 3109
3109 3 3084 3108 3110
3110 2 3109 3111
3111 3 3110 3112 3178
3112 2 3111 3113
3113 3 3085 3112 3114
3114 2 3113 3115
3115 3 3114 3116 3179
3116 2 3115 3117
3117 3 3086 3116 3118
3118 2 3117 3119
3119 3 3118 3120 3180
3120 2 3119 3121
3121 3 3087 3120 3122
3122 2 3121 3123
3123 3 3122 3124 3181
3124 2 3123 3125
3125 3 3088 3124 3126
3126 2 3125 3127
3127 3 3126 3128 3182
3128 2 3127 3129
3129 3 3089 3128 3130
3130 2 3129 3131
3131 3 3130 3132 3183
3132 2 3131 3133
3133 3 3090 3132 3134
3134 2 3133 3135
3135 3 3134 3136 3184
3136 2 3135 3137
3137 3 3091 3136 3138
3138 2 3137 3139
3139 3 3138 3140 3185
3140 2 3139 3141
3141 3 3092 3140 3142
3142 2 3141 3143
3143 3 3142 3144 3186
3144 2 3143 3145
3145 3 3093 3144 3146
3146 2 3145 3147
3147 3 3146 3148 3187
3148 2 3147 3149
3149 3 3094 3148 3150
3150 2 3149 3151
3151 3 3150 3152 3188
3152 2 3151 3153
3153 3 3095 3152 3154
3154 2 3153 3155
3155 3 3154 3156 3189
3156 2 3155 3157
3157 3 3096 3156 3158
3158 2 3157 3159
3159 3 3158 3160 3190
3160 2 3159 3161
3161 3 3097 3160 3162
3162 2 3161 3163
3163 3 3162 3164 3191
3164 2 3163 3165
3165 3 3098 3164 3166
3166 2 3165 3167
3167 3 3166 3168 3192
3168 2 3167 3169
3169 3 3099 3168 3170
3170 2 3169 3171
3171 3 3170 3172 3193
3172 2 3171 3173
3173 3 3100 3172 3174
3174 2 3173 3175
3175 2 3174 3194
3176 2 3103 3197
3177 2 3107 3201
3178 2 3111 3205
3179 2 3115 3209
3180 2 3119 3213
3181 2 3123 3217
3182 2 3127 3221
3183 2 3131 3225
3184 2 3135 3229
3185 2 3139 3233
3186 2 3143 3237
3187 2 3147 3241
3188 2 3151 3245
3189 2 3155 3249
3190 2 3159 3253
3191 2 3163 3257
3192 2 3167 3261
3193 2 3171 3265
3194 2 3175 3269
3195 2 3196 3270
3196 2 3195 3197
3197 3 3176 3196 3198
3198 2 3197 3199
3199 3 3198 3200 3271
3200 2 3199 3201
3201 3 3177 3200 3202
3202 2 3201 3203
3203 3 3202 3204 3272
3204 2 3203 3205
3205 3 3178 3204 3206
3206 2 3205 3207
3207 3 3206 3208 3273
3208 2 3207 3209
3209 3 3179 3208 3210
3210 2 3209 3211
3211 3 3210 3212 3274
3212 2 3211 3213
3213 3 3180 3212 3214
3214 2 3213 3215
3215 3 3214 3216 3275
3216 2 3215 3217
3217 3 3181 3216 3218
3218 2 3217 3219
3219 3 3218 3220 3276
3220 2 3219 3221
3221 3 3182 3220 3222
3222 2 3221 3223
3223 3 3222 3224 3277
3224 2 3223 3225
3225 3 3183 3224 3226
3226 2 3225 3227
3227 3 3226 3228 3278
3228 2 3227 3229
3229 3 3184 3228 3230
3230 2 3229 3231
3231 3 3230 3232 3279
3232 2 3231 3233
3233 3 3185 3232 3234
3234 2 3233 3235
3235 3 3234 3236 3280
3236 2 3235 3237
3237 3 3186 3236 3238
3238 2 3237 3239
3239 3 3238 3240 3281
3240 2 3239 3241
3241 3 3187 3240 3242
3242 2 3241 3243
3243 3 3242 3244 3282
3244 2 3243 3245
3245 3 3188 3244 3246
3246 2 3245 3247
3247 3 3246 3248 3283
3248 2 3247 3249
3249 3 3189 3248 3250
3250 2 3249 3251
3251 3 3250 3252 3284
3252 2 3251 3253
3253 3 3190 3252 3254
3254 2 3253 3255
3255 3 3254 3256 3285
3256 2 3255 3257
3257 3 3191 3256 3258
3258 2 3257 3259
3259 3 3258 3260 3286
3260 2 3259 3261
3261 3 3192 3260 3262
3262 2 3261 3263
3263 3 3262 3264 3287
3264 2 3263 3265
3265 3 3193 3264 3266
3266 2 3265 3267
3267 3 3266 3268 3288
3268 2 3267 3269
3269 2 3194 3268
3270 2 3195 3289
3271 2 3199 3293
3272 2 3203 3297
3273 2 3207 3301
3274 2 3211 3305
3275 2 3215 3309
3276 2 3219 3313
3277 2 3223 3317
3278 2 3227 3321
3279 2 3231 3325
3280 2 3235 3329
3281 2 3239 3333
3282 2 3243 3337
3283 2 3247 3341
3284 2 3251 3345
3285 2 3255 3349
3286 2 3259 3353
3287 2 3263 3357
3288 2 3267 3361
3289 2 3270 3290
3290 2 3289 3291
3291 3 3290 3292 3364
3292 2 3291 3293
3293 3 3271 3292 3294
3294 2 3293 3295
3295 3 3294 3296 3365
3296 2 3295 3297
3297 3 3272 3296 3298
3298 2 3297 3299
3299 3 3298 3300 3366
3300 2 3299 3301
3301 3 3273 3300 3302
3302 2 3301 3303
3303 3 3302 3304 3367
3304 2 3303 3305
3305 3 3274 3304 3306
3306 2 3305 3307
3307 3 3306 3308 3368
3308 2 3307 3309
3309 3 3275 3308 3310
3310 2 3309 3311
3311 3 3310 3312 3369
3312 2 3311 3313
3313 3 3276 3312 3314
3314 2 3313 3315
3315 3 3314 3316 3370
3316 2 3315 3317
3317 3 3277 3316 3318
3318 2 3317 3319
3319 3 3318 3320 3371
3320 2 3319 3321
3321 3 3278 3320 3322
3322 2 3321 3323
3323 3 3322 3324 3372
3324 2 3323 3325
3325 3 3279 3324 3326
3326 2 3325 3327
3327 3 3326 3328 3373
3328 2 3327 3329
3329 3 3280 3328 3330
3330 2 3329 3331
3331 3 3330 3332 3374
3332 2 3331 3333
3333 3 3281 3332 3334
3334 2 3333 3335
3335 3 3334 3336 3375
3336 2 3335 3337
3337 3 3282 3336 3338
3338 2 3337 3339
3339 3 3338 3340 3376
3340 2 3339 3341
3341 3 3283 3340 3342
3342 2 3341 3343
3343 3 3342 3344 3377
3344 2 3343 3345
3345 3 3284 3344 3346
3346 2 3345 3347
3347 3 3346 3348 3378
3348 2 3347 3349
3349 3 3285 3348 3350
3350 2 3349 3351
3351 3 3350 3352 3379
3352 2 3351 3353
3353 3 3286 3352 3354
3354 2 3353 3355
3355 3 3354 3356 3380
3356 2 3355 3357
3357 3 3287 3356 3358
3358 2 3357 3359
3359 3 3358 3360 3381
3360 2 3359 3361
3361 3 3288 3360 3362
3362 2 3361 3363
3363 2 3362 3382
3364 2 3291 3384
3365 2 3295 3388
3366 2 3299 3392
3367 2 3303 3396
3368 2 3307 3400
3369 2 3311 3404
3370 2 3315 3408
3371 2 3319 3412
3372 2 3323 3416
3373 2 3327 3420
3374 2 3331 3424
3375 2 3335 3428
3376 2 3339 3432
3377 2 3343 3436
3378 2 3347 3440
3379 2 3351 3444
3380 2 3355 3448
3381 2 3359 3452
3382 2 3363 3456
3383 1 3384
3384 3 3364 3383 3385
3385 2 3384 3386
3386 2 3385 3387
3387 2 3386 3388
3388 3 3365 3387 3389
3389 2 3388 3390
3390 2 3389 3391
3391 2 3390 3392
3392 3 3366 3391 3393
3393 2 3392 3394
3394 2 3393 3395
3395 2 3394 3396
3396 3 3367 3395 3397
3397 2 3396 3398
3398 2 3397 3399
3399 2 3398 3400
3400 3 3368 3399 3401
3401 2 3400 3402
3402 2 3401 3403
3403 2 3402 3404
3404 3 3369 3403 3405
3405 2 3404 3406
3406 2 3405 3407
3407 2 3406 3408
3408 3 3370 3407 3409
3409 2 3408 3410
3410 2 3409 3411
3411 2 3410 3412
3412 3 3371 3411 3413
3413 2 3412 3414
3414 2 3413 3415
3415 2 3414 3416
3416 3 3372 3415 3417
3417 2 3416 3418
3418 2 3417 3419
3419 2 3418 3420
3420 3 3373 3419 3421
3421 2 3420 3422
3422 2 3421 3423
3423 2 3422 3424
3424 3 3374 3423 3425
3425 2 3424 3426
3426 2 3425 3427
3427 2 3426 3428
3428 3 3375 3427 3429
3429 2 3428 3430
3430 2 3429 3431
3431 2 3430 3432
3432 3 3376 3431 3433
3433 2 3432 3434
3434 2 3433 3435
3435 2 3434 3436
3436 3 3377 3435 3437
3437 2 3436 3438
3438 2 3437 3439
3439 2 3438 3440
3440 3 3378 3439 3441
3441 2 3440 3442
3442 2 3441 3443
3443 2 3442 3444
3444 3 3379 3443 3445
3445 2 3444 3446
3446 2 3445 3447
3447 2 3446 3448
3448 3 3380 3447 3449
3449 2 3448 3450
3450 2 3449 3451
3451 2 3450 3452
3452 3 3381 3451 3453
3453 2 3452 3454
3454 2 3453 3455
3455 2 3454 3456
3456 2 3382 3455
