1121
0 2 1 42
1 2 0 2
2 2 1 3
3 2 2 4
4 3 3 5 43
5 2 4 6
6 2 5 7
7 2 6 8
8 3 7 9 44
9 2 8 10
10 2 9 11
11 2 10 12
12 3 11 13 45
13 2 12 14
14 2 13 15
15 2 14 16
16 3 15 17 46
17 2 16 18
18 2 17 19
19 2 18 20
20 3 19 21 47
21 2 20 22
22 2 21 23
23 2 22 24
24 3 23 25 48
25 2 24 26
26 2 25 27
27 2 26 28
28 3 27 29 49
29 2 28 30
30 2 29 31
31 2 30 32
32 3 31 33 50
33 2 32 34
34 2 33 35
35 2 34 36
36 3 35 37 51
37 2 36 38
38 2 37 39
39 2 38 40
40 3 39 41 52
41 1 40
42 2 0 53
43 2 4 57
44 2 8 61
45 2 12 65
46 2 16 69
47 2 20 73
48 2 24 77
49 2 28 81
50 2 32 85
51 2 36 89
52 2 40 93
53 2 42 54
54 2 53 55
55 3 54 56 96
56 2 55 57
57 3 43 56 58
58 2 57 59
59 3 58 60 97
60 2 59 61
61 3 44 60 62
62 2 61 63
63 3 62 64 98
64 2 63 65
65 3 45 64 66
66 2 65 67
67 3 66 68 99
68 2 67 69
69 3 46 68 70
70 2 69 71
71 3 70 72 100
72 2 71 73
73 3 47 72 74
74 2 73 75
75 3 74 76 101
76 2 75 77
77 3 48 76 78
78 2 77 79
79 3 78 80 102
80 2 79 81
81 3 49 80 82
82 2 81 83
83 3 82 84 103
84 2 83 85
85 3 50 84 86
86 2 85 87
87 3 86 88 104
88 2 87 89
89 3 51 88 90
90 2 89 91
91 3 90 92 105
92 2 91 93
93 3 52 92 94
94 2 93 95
95 2 94 106
96 2 55 109
97 2 59 113
98 2 63 117
99 2 67 121
100 2 71 125
101 2 75 129
102 2 79 133
103 2 83 137
104 2 87 141
105 2 91 145
106 2 95 149
107 2 108 150
108 2 107 109
109 3 96 108 110
110 2 109 111
111 3 110 112 151
112 2 111 113
113 3 97 112 114
114 2 113 115
115 3 114 116 152
116 2 115 117
117 3 98 116 118
118 2 117 119
119 3 118 120 153
120 2 119 121
121 3 99 120 122
122 2 121 123
123 3 122 124 154
124 2 123 125
125 3 100 124 126
126 2 125 127
127 3 126 128 155
128 2 127 129
129 3 101 128 130
130 2 129 131
131 3 130 132 156
132 2 131 133
133 3 102 132 134
134 2 133 135
135 3 134 136 157
136 2 135 137
137 3 103 136 138
138 2 137 139
139 3 138 140 158
140 2 139 141
141 3 104 140 142
142 2 141 143
143 3 142 144 159
144 2 143 145
145 3 105 144 146
146 2 145 147
147 3 146 148 160
148 2 147 149
149 2 106 148
150 2 107 161
151 2 111 165
152 2 115 169
153 2 119 173
154 2 123 177
155 2 127 181
156 2 131 185
157 2 135 189
158 2 139 193
159 2 143 197
160 2 147 201
161 2 150 162
162 2 161 163
163 3 162 164 204
164 2 163 165
165 3 151 164 166
166 2 165 167
167 3 166 168 205
168 2 167 169
169 3 152 168 170
170 2 169 171
171 3 170 172 206
172 2 171 173
173 3 153 172 174
174 2 173 175
175 3 174 176 207
176 2 175 177
177 3 154 176 178
178 2 177 179
179 3 178 180 208
180 2 179 181
181 3 155 180 182
182 2 181 183
183 3 182 184 209
184 2 183 185
185 3 156 184 186
186 2 185 187
187 3 186 188 210
188 2 187 189
189 3 157 188 190
190 2 189 191
191 3 190 192 211
192 2 191 193
193 3 158 192 194
194 2 193 195
195 3 194 196 212
196 2 195 197
197 3 159 196 198
198 2 197 199
199 3 198 200 213
200 2 199 201
201 3 160 200 202
202 2 201 203
203 2 202 214
204 2 163 217
205 2 167 221
206 2 171 225
207 2 175 229
208 2 179 233
209 2 183 237
210 2 187 241
211 2 191 245
212 2 195 249
213 2 199 253
214 2 203 257
215 2 216 258
216 2 215 217
217 3 204 216 218
218 2 217 219
219 3 218 220 259
220 2 219 221
221 3 205 220 222
222 2 221 223
223 3 222 224 260
224 2 223 225
225 3 206 224 226
226 2 225 227
227 3 226 228 261
228 2 227 229
229 3 207 228 230
230 2 229 231
231 3 230 232 262
232 2 231 233
233 3 208 232 234
234 2 233 235
235 3 234 236 263
236 2 235 237
237 3 209 236 238
238 2 237 239
239 3 238 240 264
240 2 239 241
241 3 210 240 242
242 2 241 243
243 3 242 244 265
244 2 243 245
245 3 211 244 246
246 2 245 247
247 3 246 248 266
248 2 247 249
249 3 212 248 250
250 2 249 251
251 3 250 252 267
252 2 251 253
253 3 213 252 254
254 2 253 255
255 3 254 256 268
256 2 255 257
257 2 214 256
258 2 215 269
259 2 219 273
260 2 223 277
261 2 227 281
262 2 231 285
263 2 235 289
264 2 239 293
265 2 243 297
266 2 247 301
267 2 251 305
268 2 255 309
269 2 258 270
270 2 269 271
271 3 270 272 312
272 2 271 273
273 3 259 272 274
274 2 273 275
275 3 274 276 313
276 2 275 277
277 3 260 276 278
278 2 277 279
279 3 278 280 314
280 2 279 281
281 3 261 280 282
282 2 281 283
283 3 282 284 315
284 2 283 285
285 3 262 284 286
286 2 285 287
287 3 286 288 316
288 2 287 289
289 3 263 288 290
290 2 289 291
291 3 290 292 317
292 2 291 293
293 3 264 292 294
294 2 293 295
295 3 294 296 318
296 2 295 297
297 3 265 296 298
298 2 297 299
299 3 298 300 319
300 2 299 301
301 3 266 300 302
302 2 301 303
303 3 302 304 320
304 2 303 305
305 3 267 304 306
306 2 305 307
307 3 306 308 321
308 2 307 309
309 3 268 308 310
310 2 309 311
311 2 310 322
312 2 271 325
313 2 275 329
314 2 279 333
315 2 283 337
316 2 287 341
317 2 291 345
318 2 295 349
319 2 299 353
320 2 303 357
321 2 307 361
322 2 311 365
323 2 324 366
324 2 323 325
325 3 312 324 326
326 2 325 327
327 3 326 328 367
328 2 327 329
329 3 313 328 330
330 2 329 331
331 3 330 332 368
332 2 331 333
333 3 314 332 334
334 2 333 335
335 3 334 336 369
336 2 335 337
337 3 315 336 338
338 2 337 339
339 3 338 340 370
340 2 339 341
341 3 316 340 342
342 2 341 343
343 3 342 344 371
344 2 343 345
345 3 317 344 346
346 2 345 347
347 3 346 348 372
348 2 347 349
349 3 318 348 350
350 2 349 351
351 3 350 352 373
352 2 351 353
353 3 319 352 354
354 2 353 355
355 3 354 356 374
356 2 355 357
357 3 320 356 358
358 2 357 359
359 3 358 360 375
360 2 359 361
361 3 321 360 362
362 2 361 363
363 3 362 364 376
364 2 363 365
365 2 322 364
366 2 323 377
367 2 327 381
368 2 331 385
369 2 335 389
370 2 339 393
371 2 343 397
372 2 347 401
373 2 351 405
374 2 355 409
375 2 359 413
376 2 363 417
377 2 366 378
378 2 377 379
379 3 378 380 420
380 2 379 381
381 3 367 380 382
382 2 381 383
383 3 382 384 421
384 2 383 385
385 3 368 384 386
386 2 385 387
387 3 386 388 422
388 2 387 389
389 3 369 388 390
390 2 389 391
391 3 390 392 423
392 2 391 393
393 3 370 392 394
394 2 393 395
395 3 394 396 424
396 2 395 397
397 3 371 396 398
398 2 397 399
399 3 398 400 425
400 2 399 401
401 3 372 400 402
402 2 401 403
403 3 402 404 426
404 2 403 405
405 3 373 404 406
406 2 405 407
407 3 406 408 427
408 2 407 409
409 3 374 408 410
410 2 409 411
411 3 410 412 428
412 2 411 413
413 3 375 412 414
414 2 413 415
415 3 414 416 429
416 2 415 417
417 3 376 416 418
418 2 417 419
419 2 418 430
420 2 379 433
421 2 383 437
422 2 387 441
423 2 391 445
424 2 395 449
425 2 399 453
426 2 403 457
427 2 407 461
428 2 411 465
429 2 415 469
430 2 419 473
431 2 432 474
432 2 431 433
433 3 420 432 434
434 2 433 435
435 3 434 436 475
436 2 435 437
437 3 421 436 438
438 2 437 439
439 3 438 440 476
440 2 439 441
441 3 422 440 442
442 2 441 443
443 3 442 444 477
444 2 443 445
445 3 423 444 446
446 2 445 447
447 3 446 448 478
448 2 447 449
449 3 424 448 450
450 2 449 451
451 3 450 452 479
452 2 451 453
453 3 425 452 454
454 2 453 455
455 3 454 456 480
456 2 455 457
457 3 426 456 458
458 2 457 459
459 3 458 460 481
460 2 459 461
461 3 427 460 462
462 2 461 463
463 3 462 464 482
464 2 463 465
465 3 428 464 466
466 2 465 467
467 3 466 468 483
468 2 467 469
469 3 429 468 470
470 2 469 471
471 3 470 472 484
472 2 471 473
473 2 430 472
474 2 431 485
475 2 435 489
476 2 439 493
477 2 443 497
478 2 447 501
479 2 451 505
480 2 455 509
481 2 459 513
482 2 463 517
483 2 467 521
484 2 471 525
485 2 474 486
486 2 485 487
487 3 486 488 528
488 2 487 489
489 3 475 488 490
490 2 489 491
491 3 490 492 529
492 2 491 493
493 3 476 492 494
494 2 493 495
495 3 494 496 530
496 2 495 497
497 3 477 496 498
498 2 497 499
499 3 498 500 531
500 2 499 501
501 3 478 500 502
502 2 501 503
503 3 502 504 532
504 2 503 505
505 3 479 504 506
506 2 505 507
507 3 506 508 533
508 2 507 509
509 3 480 508 510
510 2 509 511
511 3 510 512 534
512 2 511 513
513 3 481 512 514
514 2 513 515
515 3 514 516 535
516 2 515 517
517 3 482 516 518
518 2 517 519
519 3 518 520 536
520 2 519 521
521 3 483 520 522
522 2 521 523
523 3 522 524 537
524 2 523 525
525 3 484 524 526
526 2 525 527
527 2 526 538
528 2 487 541
529 2 491 545
530 2 495 549
531 2 499 553
532 2 503 557
533 2 507 561
534 2 511 565
535 2 515 569
536 2 519 573
537 2 523 577
538 2 527 581
539 2 540 582
540 2 539 541
541 3 528 540 542
542 2 541 543
543 3 542 544 583
544 2 543 545
545 3 529 544 546
546 2 545 547
547 3 546 548 584
548 2 547 549
549 3 530 548 550
550 2 549 551
551 3 550 552 585
552 2 551 553
553 3 531 552 554
554 2 553 555
555 3 554 556 586
556 2 555 557
557 3 532 556 558
558 2 557 559
559 3 558 560 587
560 2 559 561
561 3 533 560 562
562 2 561 563
563 3 562 564 588
564 2 563 565
565 3 534 564 566
566 2 565 567
567 3 566 568 589
568 2 567 569
569 3 535 568 570
570 2 569 571
571 3 570 572 590
572 2 571 573
573 3 536 572 574
574 2 573 575
575 3 574 576 591
576 2 575 577
577 3 537 576 578
578 2 577 579
579 3 578 580 592
580 2 579 581
581 2 538 580
582 2 539 593
583 2 543 597
584 2 547 601
585 2 551 605
586 2 555 609
587 2 559 613
588 2 563 617
589 2 567 621
590 2 571 625
591 2 575 629
592 2 579 633
593 2 582 594
594 2 593 595
595 3 594 596 636
596 2 595 597
597 3 583 596 598
598 2 597 599
599 3 598 600 637
600 2 599 601
601 3 584 600 602
602 2 601 603
603 3 602 604 638
604 2 603 605
605 3 585 604 606
606 2 605 607
607 3 606 608 639
608 2 607 609
609 3 586 608 610
610 2 609 611
611 3 610 612 640
612 2 611 613
613 3 587 612 614
614 2 613 615
615 3 614 616 641
616 2 615 617
617 3 588 616 618
618 2 617 619
619 3 618 620 642
620 2 619 621
621 3 589 620 622
622 2 621 623
623 3 622 624 643
624 2 623 625
625 3 590 624 626
626 2 625 627
627 3 626 628 644
628 2 627 629
629 3 591 628 630
630 2 629 631
631 3 630 632 645
632 2 631 633
633 3 592 632 634
634 2 633 635
635 2 634 646
636 2 595 649
637 2 599 653
638 2 603 657
639 2 607 661
640 2 611 665
641 2 615 669
642 2 619 673
643 2 623 677
644 2 627 681
645 2 631 685
646 2 635 689
647 2 648 690
648 2 647 649
649 3 636 648 650
650 2 649 651
651 3 650 652 691
652 2 651 653
653 3 637 652 654
654 2 653 655
655 3 654 656 692
656 2 655 657
657 3 638 656 658
658 2 657 659
659 3 658 660 693
660 2 659 661
661 3 639 660 662
662 2 661 663
663 3 662 664 694
664 2 663 665
665 3 640 664 666
666 2 665 667
667 3 666 668 695
668 2 667 669
669 3 641 668 670
670 2 669 671
671 3 670 672 696
672 2 671 673
673 3 642 672 674
674 2 673 675
675 3 674 676 697
676 2 675 677
677 3 643 676 678
678 2 677 679
679 3 678 680 698
680 2 679 681
681 3 644 680 682
682 2 681 683
683 3 682 684 699
684 2 683 685
685 3 645 684 686
686 2 685 687
687 3 686 688 700
688 2 687 689
689 2 646 688
690 2 647 701
691 2 651 705
692 2 655 709
693 2 659 713
694 2 663 717
695 2 667 721
696 2 671 725
697 2 675 729
698 2 679 733
699 2 683 737
700 2 687 741
701 2 690 702
702 2 701 703
703 3 702 704 744
704 2 703 705
705 3 691 704 706
706 2 705 707
707 3 706 708 745
708 2 707 709
709 3 692 708 710
710 2 709 711
711 3 710 712 746
712 2 711 713
713 3 693 712 714
714 2 713 715
715 3 714 716 747
716 2 715 717
717 3 694 716 718
718 2 717 719
719 3 718 720 748
720 2 719 721
721 3 695 720 722
722 2 721 723
723 3 722 724 749
724 2 723 725
725 3 696 724 726
726 2 725 727
727 3 726 728 750
728 2 727 729
729 3 697 728 730
730 2 729 731
731 3 730 732 751
732 2 731 733
733 3 698 732 734
734 2 733 735
735 3 734 736 752
736 2 735 737
737 3 699 736 738
738 2 737 739
739 3 738 740 753
740 2 739 741
741 3 700 740 742
742 2 741 743
743 2 742 754
744 2 703 757
745 2 707 761
746 2 711 765
747 2 715 769
748 2 719 773
749 2 723 777
750 2 727 781
751 2 731 785
752 2 735 789
753 2 739 793
754 2 743 797
755 2 756 798
756 2 755 757
757 3 744 756 758
758 2 757 759
759 3 758 760 799
760 2 759 761
761 3 745 760 762
762 2 761 763
763 3 762 764 800
764 2 763 765
765 3 746 764 766
766 2 765 767
767 3 766 768 801
768 2 767 769
769 3 747 768 770
770 2 769 771
771 3 770 772 802
772 2 771 773
773 3 748 772 774
774 2 773 775
775 3 774 776 803
776 2 775 777
777 3 749 776 778
778 2 777 779
779 3 778 780 804
780 2 779 781
781 3 750 780 782
782 2 781 783
783 3 782 784 805
784 2 783 785
785 3 751 784 786
786 2 785 787
787 3 786 788 806
788 2 787 789
789 3 752 788 790
790 2 789 791
791 3 790 792 807
792 2 791 793
793 3 753 792 794
794 2 793 795
795 3 794 796 808
796 2 795 797
797 2 754 796
798 2 755 809
799 2 759 813
800 2 763 817
801 2 767 821
802 2 771 825
803 2 775 829
804 2 779 833
805 2 783 837
806 2 787 841
807 2 791 845
808 2 795 849
809 2 798 810
810 2 809 811
811 3 810 812 852
812 2 811 813
813 3 799 812 814
814 2 813 815
815 3 814 816 853
816 2 815 817
817 3 800 816 818
818 2 817 819
819 3 818 820 854
820 2 819 821
821 3 801 820 822
822 2 821 823
823 3 822 824 855
824 2 823 825
825 3 802 824 826
826 2 825 827
827 3 826 828 856
828 2 827 829
829 3 803 828 830
830 2 829 831
831 3 830 832 857
832 2 831 833
833 3 804 832 834
834 2 833 835
835 3 834 836 858
836 2 835 837
837 3 805 836 838
838 2 837 839
839 3 838 840 859
840 2 839 841
841 3 806 840 842
842 2 841 843
843 3 842 844 860
844 2 843 845
845 3 807 844 846
846 2 845 847
847 3 846 848 861
848 2 847 849
849 3 808 848 850
850 2 849 851
851 2 850 862
852 2 811 865
853 2 815 869
854 2 819 873
855 2 823 877
856 2 827 881
857 2 831 885
858 2 835 889
859 2 839 893
860 2 843 897
861 2 847 901
862 2 851 905
863 2 864 906
864 2 863 865
865 3 852 864 866
866 2 865 867
867 3 866 868 907
868 2 867 869
869 3 853 868 870
870 2 869 871
871 3 870 872 908
872 2 871 873
873 3 854 872 874
874 2 873 875
875 3 874 876 909
876 2 875 877
877 3 855 876 878
878 2 877 879
879 3 878 880 910
880 2 879 881
881 3 856 880 882
882 2 881 883
883 3 882 884 911
884 2 883 885
885 3 857 884 886
886 2 885 887
887 3 886 888 912
888 2 887 889
889 3 858 888 890
890 2 889 891
891 3 890 892 913
892 2 891 893
893 3 859 892 894
894 2 893 895
895 3 894 896 914
896 2 895 897
897 3 860 896 898
898 2 897 899
899 3 898 900 915
900 2 899 901
901 3 861 900 902
902 2 901 903
903 3 902 904 916
904 2 903 905
905 2 862 904
906 2 863 917
907 2 867 921
908 2 871 925
909 2 875 929
910 2 879 933
911 2 883 937
912 2 887 941
913 2 891 945
914 2 895 949
915 2 899 953
916 2 903 957
917 2 906 918
918 2 917 919
919 3 918 920 960
920 2 919 921
921 3 907 920 922
922 2 921 923
923 3 922 924 961
924 2 923 925
925 3 908 924 926
926 2 925 927
927 3 926 928 962
928 2 927 929
929 3 909 928 930
930 2 929 931
931 3 930 932 963
932 2 931 933
933 3 910 932 934
934 2 933 935
935 3 934 936 964
936 2 935 937
937 3 911 936 938
938 2 937 939
939 3 938 940 965
940 2 939 941
941 3 912 940 942
942 2 941 943
943 3 942 944 966
944 2 943 945
945 3 913 944 946
946 2 945 947
947 3 946 948 967
948 2 947 949
949 3 914 948 950
950 2 949 951
951 3 950 952 968
952 2 951 953
953 3 915 952 954
954 2 953 955
955 3 954 956 969
956 2 955 957
957 3 916 956 958
958 2 957 959
959 2 958 970
960 2 919 973
961 2 923 977
962 2 927 981
963 2 931 985
964 2 935 989
965 2 939 993
966 2 943 997
967 2 947 1001
968 2 951 1005
969 2 955 1009
970 2 959 1013
971 2 972 1014
972 2 971 973
973 3 960 972 974
974 2 973 975
975 3 974 976 1015
976 2 975 977
977 3 961 976 978
978 2 977 979
979 3 978 980 1016
980 2 979 981
981 3 962 980 982
982 2 981 983
983 3 982 984 1017
984 2 983 985
985 3 963 984 986
986 2 985 987
987 3 986 988 1018
988 2 987 989
989 3 964 988 990
990 2 989 991
991 3 990 992 1019
992 2 991 993
993 3 965 992 994
994 2 993 995
995 3 994 996 1020
996 2 995 997
997 3 966 996 998
998 2 997 999
999 3 998 1000 1021
1000 2 999 1001
1001 3 967 1000 1002
1002 2 1001 1003
1003 3 1002 1004 1022
1004 2 1003 1005
1005 3 968 1004 1006
1006 2 1005 1007
1007 3 1006 1008 1023
1008 2 1007 1009
1009 3 969 1008 1010
1010 2 1009 1011
1011 3 1010 1012 1024
1012 2 1011 1013
1013 2 970 1012
1014 2 971 1025
1015 2 975 1029
1016 2 979 1033
1017 2 983 1037
1018 2 987 1041
1019 2 991 1045
1020 2 995 1049
1021 2 999 1053
1022 2 1003 1057
1023 2 1007 1061
1024 2 1011 1065
1025 2 1014 1026
1026 2 1025 1027
1027 3 1026 1028 1068
1028 2 1027 1029
1029 3 1015 1028 1030
1030 2 1029 1031
1031 3 1030 1032 1069
1032 2 1031 1033
1033 3 1016 1032 1034
1034 2 1033 1035
1035 3 1034 1036 1070
1036 2 1035 1037
1037 3 1017 1036 1038
1038 2 1037 1039
1039 3 1038 1040 1071
1040 2 1039 1041
1041 3 1018 1040 1042
1042 2 1041 1043
1043 3 1042 1044 1072
1044 2 1043 1045
1045 3 1019 1044 1046
1046 2 1045 1047
1047 3 1046 1048 1073
1048 2 1047 1049
1049 3 1020 1048 1050
1050 2 1049 1051
1051 3 1050 1052 1074
1052 2 1051 1053
1053 3 1021 1052 1054
1054 2 1053 1055
1055 3 1054 1056 1075
1056 2 1055 1057
1057 3 1022 1056 1058
1058 2 1057 1059
1059 3 1058 1060 1076
1060 2 1059 1061
1061 3 1023 1060 1062
1062 2 1061 1063
1063 3 1062 1064 1077
1064 2 1063 1065
1065 3 1024 1064 1066
1066 2 1065 1067
1067 2 1066 1078
1068 2 1027 1080
1069 2 1031 1084
1070 2 1035 1088
1071 2 1039 1092
1072 2 1043 1096
1073 2 1047 1100
1074 2 1051 1104
1075 2 1055 1108
1076 2 1059 1112
1077 2 1063 1116
1078 2 1067 1120
1079 1 1080
1080 3 1068 1079 1081
1081 2 1080 1082
1082 2 1081 1083
1083 2 1082 1084
1084 3 1069 1083 1085
1085 2 1084 1086
1086 2 1085 1087
1087 2 1086 1088
1088 3 1070 1087 1089
1089 2 1088 1090
1090 2 1089 1091
1091 2 1090 1092
1092 3 1071 1091 1093
1093 2 1092 1094
1094 2 1093 1095
1095 2 1094 1096
1096 3 1072 1095 1097
1097 2 1096 1098
1098 2 1097 1099
1099 2 1098 1100
1100 3 1073 1099 1101
1101 2 1100 1102
1102 2 1101 1103
1103 2 1102 1104
1104 3 1074 1103 1105
1105 2 1104 1106
1106 2 1105 1107
1107 2 1106 1108
1108 3 1075 1107 1109
1109 2 1108 1110
1110 2 1109 1111
1111 2 1110 1112
1112 3 1076 1111 1113
1113 2 1112 1114
1114 2 1113 1115
1115 2 1114 1116
1116 3 1077 1115 1117
1117 2 1116 1118
1118 2 1117 1119
1119 2 1118 1120
1120 2 1078 1119
