2129
0 2 1 58
1 2 0 2
2 2 1 3
3 2 2 4
4 3 3 5 59
5 2 4 6
6 2 5 7
7 2 6 8
8 3 7 9 60
9 2 8 10
10 2 9 11
11 2 10 12
12 3 11 13 61
13 2 12 14
14 2 13 15
15 2 14 16
16 3 15 17 62
17 2 16 18
18 2 17 19
19 2 18 20
20 3 19 21 63
21 2 20 22
22 2 21 23
23 2 22 24
24 3 23 25 64
25 2 24 26
26 2 25 27
27 2 26 28
28 3 27 29 65
29 2 28 30
30 2 29 31
31 2 30 32
32 3 31 33 66
33 2 32 34
34 2 33 35
35 2 34 36
36 3 35 37 67
37 2 36 38
38 2 37 39
39 2 38 40
40 3 39 41 68
41 2 40 42
42 2 41 43
43 2 42 44
44 3 43 45 69
45 2 44 46
46 2 45 47
47 2 46 48
48 3 47 49 70
49 2 48 50
50 2 49 51
51 2 50 52
52 3 51 53 71
53 2 52 54
54 2 53 55
55 2 54 56
56 3 55 57 72
57 1 56
58 2 0 73
59 2 4 77
60 2 8 81
61 2 12 85
62 2 16 89
63 2 20 93
64 2 24 97
65 2 28 101
66 2 32 105
67 2 36 109
68 2 40 113
69 2 44 117
70 2 48 121
71 2 52 125
72 2 56 129
73 2 58 74
74 2 73 75
75 3 74 76 132
76 2 75 77
77 3 59 76 78
78 2 77 79
79 3 78 80 133
80 2 79 81
81 3 60 80 82
82 2 81 83
83 3 82 84 134
84 2 83 85
85 3 61 84 86
86 2 85 87
87 3 86 88 135
88 2 87 89
89 3 62 88 90
90 2 89 91
91 3 90 92 136
92 2 91 93
93 3 63 92 94
94 2 93 95
95 3 94 96 137
96 2 95 97
97 3 64 96 98
98 2 97 99
99 3 98 100 138
100 2 99 101
101 3 65 100 102
102 2 101 103
103 3 102 104 139
104 2 103 105
105 3 66 104 106
106 2 105 107
107 3 106 108 140
108 2 107 109
109 3 67 108 110
110 2 109 111
111 3 110 112 141
112 2 111 113
113 3 68 112 114
114 2 113 115
115 3 114 116 142
116 2 115 117
117 3 69 116 118
118 2 117 119
119 3 118 120 143
120 2 119 121
121 3 70 120 122
122 2 121 123
123 3 122 124 144
124 2 123 125
125 3 71 124 126
126 2 125 127
127 3 126 128 145
128 2 127 129
129 3 72 128 130
130 2 129 131
131 2 130 146
132 2 75 149
133 2 79 153
134 2 83 157
135 2 87 161
136 2 91 165
137 2 95 169
138 2 99 173
139 2 103 177
140 2 107 181
141 2 111 185
142 2 115 189
143 2 119 193
144 2 123 197
145 2 127 201
146 2 131 205
147 2 148 206
148 2 147 149
149 3 132 148 150
150 2 149 151
151 3 150 152 207
152 2 151 153
153 3 133 152 154
154 2 153 155
155 3 154 156 208
156 2 155 157
157 3 134 156 158
158 2 157 159
159 3 158 160 209
160 2 159 161
161 3 135 160 162
162 2 161 163
163 3 162 164 210
164 2 163 165
165 3 136 164 166
166 2 165 167
167 3 166 168 211
168 2 167 169
169 3 137 168 170
170 2 169 171
171 3 170 172 212
172 2 171 173
173 3 138 172 174
174 2 173 175
175 3 174 176 213
176 2 175 177
177 3 139 176 178
178 2 177 179
179 3 178 180 214
180 2 179 181
181 3 140 180 182
182 2 181 183
183 3 182 184 215
184 2 183 185
185 3 141 184 186
186 2 185 187
187 3 186 188 216
188 2 187 189
189 3 142 188 190
190 2 189 191
191 3 190 192 217
192 2 191 193
193 3 143 192 194
194 2 193 195
195 3 194 196 218
196 2 195 197
197 3 144 196 198
198 2 197 199
199 3 198 200 219
200 2 199 201
201 3 145 200 202
202 2 201 203
203 3 202 204 220
204 2 203 205
205 2 146 204
206 2 147 221
207 2 151 225
208 2 155 229
209 2 159 233
210 2 163 237
211 2 167 241
212 2 171 245
213 2 175 249
214 2 179 253
215 2 183 257
216 2 187 261
217 2 191 265
218 2 195 269
219 2 199 273
220 2 203 277
221 2 206 222
222 2 221 223
223 3 222 224 280
224 2 223 225
225 3 207 224 226
226 2 225 227
227 3 226 228 281
228 2 227 229
229 3 208 228 230
230 2 229 231
231 3 230 232 282
232 2 231 233
233 3 209 232 234
234 2 233 235
235 3 234 236 283
236 2 235 237
237 3 210 236 238
238 2 237 239
239 3 238 240 284
240 2 239 241
241 3 211 240 242
242 2 241 243
243 3 242 244 285
244 2 243 245
245 3 212 244 246
246 2 245 247
247 3 246 248 286
248 2 247 249
249 3 213 248 250
250 2 249 251
251 3 250 252 287
252 2 251 253
253 3 214 252 254
254 2 253 255
255 3 254 256 288
256 2 255 257
257 3 215 256 258
258 2 257 259
259 3 258 260 289
260 2 259 261
261 3 216 260 262
262 2 261 263
263 3 262 264 290
264 2 263 265
265 3 217 264 266
266 2 265 267
267 3 266 268 291
268 2 267 269
269 3 218 268 270
270 2 269 271
271 3 270 272 292
272 2 271 273
273 3 219 272 274
274 2 273 275
275 3 274 276 293
276 2 275 277
277 3 220 276 278
278 2 277 279
279 2 278 294
280 2 223 297
281 2 227 301
282 2 231 305
283 2 235 309
284 2 239 313
285 2 243 317
286 2 247 321
287 2 251 325
288 2 255 329
289 2 259 333
290 2 263 337
291 2 267 341
292 2 271 345
293 2 275 349
294 2 279 353
295 2 296 354
296 2 295 297
297 3 280 296 298
298 2 297 299
299 3 298 300 355
300 2 299 301
301 3 281 300 302
302 2 301 303
303 3 302 304 356
304 2 303 305
305 3 282 304 306
306 2 305 307
307 3 306 308 357
308 2 307 309
309 3 283 308 310
310 2 309 311
311 3 310 312 358
312 2 311 313
313 3 284 312 314
314 2 313 315
315 3 314 316 359
316 2 315 317
317 3 285 316 318
318 2 317 319
319 3 318 320 360
320 2 319 321
321 3 286 320 322
322 2 321 323
323 3 322 324 361
324 2 323 325
325 3 287 324 326
326 2 325 327
327 3 326 328 362
328 2 327 329
329 3 288 328 330
330 2 329 331
331 3 330 332 363
332 2 331 333
333 3 289 332 334
334 2 333 335
335 3 334 336 364
336 2 335 337
337 3 290 336 338
338 2 337 339
339 3 338 340 365
340 2 339 341
341 3 291 340 342
342 2 341 343
343 3 342 344 366
344 2 343 345
345 3 292 344 346
346 2 345 347
347 3 346 348 367
348 2 347 349
349 3 293 348 350
350 2 349 351
351 3 350 352 368
352 2 351 353
353 2 294 352
354 2 295 369
355 2 299 373
356 2 303 377
357 2 307 381
358 2 311 385
359 2 315 389
360 2 319 393
361 2 323 397
362 2 327 401
363 2 331 405
364 2 335 409
365 2 339 413
366 2 343 417
367 2 347 421
368 2 351 425
369 2 354 370
370 2 369 371
371 3 370 372 428
372 2 371 373
373 3 355 372 374
374 2 373 375
375 3 374 376 429
376 2 375 377
377 3 356 376 378
378 2 377 379
379 3 378 380 430
380 2 379 381
381 3 357 380 382
382 2 381 383
383 3 382 384 431
384 2 383 385
385 3 358 384 386
386 2 385 387
387 3 386 388 432
388 2 387 389
389 3 359 388 390
390 2 389 391
391 3 390 392 433
392 2 391 393
393 3 360 392 394
394 2 393 395
395 3 394 396 434
396 2 395 397
397 3 361 396 398
398 2 397 399
399 3 398 400 435
400 2 399 401
401 3 362 400 402
402 2 401 403
403 3 402 404 436
404 2 403 405
405 3 363 404 406
406 2 405 407
407 3 406 408 437
408 2 407 409
409 3 364 408 410
410 2 409 411
411 3 410 412 438
412 2 411 413
413 3 365 412 414
414 2 413 415
415 3 414 416 439
416 2 415 417
417 3 366 416 418
418 2 417 419
419 3 418 420 440
420 2 419 421
421 3 367 420 422
422 2 421 423
423 3 422 424 441
424 2 423 425
425 3 368 424 426
426 2 425 427
427 2 426 442
428 2 371 445
429 2 375 449
430 2 379 453
431 2 383 457
432 2 387 461
433 2 391 465
434 2 395 469
435 2 399 473
436 2 403 477
437 2 407 481
438 2 411 485
439 2 415 489
440 2 419 493
441 2 423 497
442 2 427 501
443 2 444 502
444 2 443 445
445 3 428 444 446
446 2 445 447
447 3 446 448 503
448 2 447 449
449 3 429 448 450
450 2 449 451
451 3 450 452 504
452 2 451 453
453 3 430 452 454
454 2 453 455
455 3 454 456 505
456 2 455 457
457 3 431 456 458
458 2 457 459
459 3 458 460 506
460 2 459 461
461 3 432 460 462
462 2 461 463
463 3 462 464 507
464 2 463 465
465 3 433 464 466
466 2 465 467
467 3 466 468 508
468 2 467 469
469 3 434 468 470
470 2 469 471
471 3 470 472 509
472 2 471 473
473 3 435 472 474
474 2 473 475
475 3 474 476 510
476 2 475 477
477 3 436 476 478
478 2 477 479
479 3 478 480 511
480 2 479 481
481 3 437 480 482
482 2 481 483
483 3 482 484 512
484 2 483 485
485 3 438 484 486
486 2 485 487
487 3 486 488 513
488 2 487 489
489 3 439 488 490
490 2 489 491
491 3 490 492 514
492 2 491 493
493 3 440 492 494
494 2 493 495
495 3 494 496 515
496 2 495 497
497 3 441 496 498
498 2 497 499
499 3 498 500 516
500 2 499 501
501 2 442 500
502 2 443 517
503 2 447 521
504 2 451 525
505 2 455 529
506 2 459 533
507 2 463 537
508 2 467 541
509 2 471 545
510 2 475 549
511 2 479 553
512 2 483 557
513 2 487 561
514 2 491 565
515 2 495 569
516 2 499 573
517 2 502 518
518 2 517 519
519 3 518 520 576
520 2 519 521
521 3 503 520 522
522 2 521 523
523 3 522 524 577
524 2 523 525
525 3 504 524 526
526 2 525 527
527 3 526 528 578
528 2 527 529
529 3 505 528 530
530 2 529 531
531 3 530 532 579
532 2 531 533
533 3 506 532 534
534 2 533 535
535 3 534 536 580
536 2 535 537
537 3 507 536 538
538 2 537 539
539 3 538 540 581
540 2 539 541
541 3 508 540 542
542 2 541 543
543 3 542 544 582
544 2 543 545
545 3 509 544 546
546 2 545 547
547 3 546 548 583
548 2 547 549
549 3 510 548 550
550 2 549 551
551 3 550 552 584
552 2 551 553
553 3 511 552 554
554 2 553 555
555 3 554 556 585
556 2 555 557
557 3 512 556 558
558 2 557 559
559 3 558 560 586
560 2 559 561
561 3 513 560 562
562 2 561 563
563 3 562 564 587
564 2 563 565
565 3 514 564 566
566 2 565 567
567 3 566 568 588
568 2 567 569
569 3 515 568 570
570 2 569 571
571 3 570 572 589
572 2 571 573
573 3 516 572 574
574 2 573 575
575 2 574 590
576 2 519 593
577 2 523 597
578 2 527 601
579 2 531 605
580 2 535 609
581 2 539 613
582 2 543 617
583 2 547 621
584 2 551 625
585 2 555 629
586 2 559 633
587 2 563 637
588 2 567 641
589 2 571 645
590 2 575 649
591 2 592 650
592 2 591 593
593 3 576 592 594
594 2 593 595
595 3 594 596 651
596 2 595 597
597 3 577 596 598
598 2 597 599
599 3 598 600 652
600 2 599 601
601 3 578 600 602
602 2 601 603
603 3 602 604 653
604 2 603 605
605 3 579 604 606
606 2 605 607
607 3 606 608 654
608 2 607 609
609 3 580 608 610
610 2 609 611
611 3 610 612 655
612 2 611 613
613 3 581 612 614
614 2 613 615
615 3 614 616 656
616 2 615 617
617 3 582 616 618
618 2 617 619
619 3 618 620 657
620 2 619 621
621 3 583 620 622
622 2 621 623
623 3 622 624 658
624 2 623 625
625 3 584 624 626
626 2 625 627
627 3 626 628 659
628 2 627 629
629 3 585 628 630
630 2 629 631
631 3 630 632 660
632 2 631 633
633 3 586 632 634
634 2 633 635
635 3 634 636 661
636 2 635 637
637 3 587 636 638
638 2 637 639
639 3 638 640 662
640 2 639 641
641 3 588 640 642
642 2 641 643
643 3 642 644 663
644 2 643 645
645 3 589 644 646
646 2 645 647
647 3 646 648 664
648 2 647 649
649 2 590 648
650 2 591 665
651 2 595 669
652 2 599 673
653 2 603 677
654 2 607 681
655 2 611 685
656 2 615 689
657 2 619 693
658 2 623 697
659 2 627 701
660 2 631 705
661 2 635 709
662 2 639 713
663 2 643 717
664 2 647 721
665 2 650 666
666 2 665 667
667 3 666 668 724
668 2 667 669
669 3 651 668 670
670 2 669 671
671 3 670 672 725
672 2 671 673
673 3 652 672 674
674 2 673 675
675 3 674 676 726
676 2 675 677
677 3 653 676 678
678 2 677 679
679 3 678 680 727
680 2 679 681
681 3 654 680 682
682 2 681 683
683 3 682 684 728
684 2 683 685
685 3 655 684 686
686 2 685 687
687 3 686 688 729
688 2 687 689
689 3 656 688 690
690 2 689 691
691 3 690 692 730
692 2 691 693
693 3 657 692 694
694 2 693 695
695 3 694 696 731
696 2 695 697
697 3 658 696 698
698 2 697 699
699 3 698 700 732
700 2 699 701
701 3 659 700 702
702 2 701 703
703 3 702 704 733
704 2 703 705
705 3 660 704 706
706 2 705 707
707 3 706 708 734
708 2 707 709
709 3 661 708 710
710 2 709 711
711 3 710 712 735
712 2 711 713
713 3 662 712 714
714 2 713 715
715 3 714 716 736
716 2 715 717
717 3 663 716 718
718 2 717 719
719 3 718 720 737
720 2 719 721
721 3 664 720 722
722 2 721 723
723 2 722 738
724 2 667 741
725 2 671 745
726 2 675 749
727 2 679 753
728 2 683 757
729 2 687 761
730 2 691 765
731 2 695 769
732 2 699 773
733 2 703 777
734 2 707 781
735 2 711 785
736 2 715 789
737 2 719 793
738 2 723 797
739 2 740 798
740 2 739 741
741 3 724 740 742
742 2 741 743
743 3 742 744 799
744 2 743 745
745 3 725 744 746
746 2 745 747
747 3 746 748 800
748 2 747 749
749 3 726 748 750
750 2 749 751
751 3 750 752 801
752 2 751 753
753 3 727 752 754
754 2 753 755
755 3 754 756 802
756 2 755 757
757 3 728 756 758
758 2 757 759
759 3 758 760 803
760 2 759 761
761 3 729 760 762
762 2 761 763
763 3 762 764 804
764 2 763 765
765 3 730 764 766
766 2 765 767
767 3 766 768 805
768 2 767 769
769 3 731 768 770
770 2 769 771
771 3 770 772 806
772 2 771 773
773 3 732 772 774
774 2 773 775
775 3 774 776 807
776 2 775 777
777 3 733 776 778
778 2 777 779
779 3 778 780 808
780 2 779 781
781 3 734 780 782
782 2 781 783
783 3 782 784 809
784 2 783 785
785 3 735 784 786
786 2 785 787
787 3 786 788 810
788 2 787 789
789 3 736 788 790
790 2 789 791
791 3 790 792 811
792 2 791 793
793 3 737 792 794
794 2 793 795
795 3 794 796 812
796 2 795 797
797 2 738 796
798 2 739 813
799 2 743 817
800 2 747 821
801 2 751 825
802 2 755 829
803 2 759 833
804 2 763 837
805 2 767 841
806 2 771 845
807 2 775 849
808 2 779 853
809 2 783 857
810 2 787 861
811 2 791 865
812 2 795 869
813 2 798 814
814 2 813 815
815 3 814 816 872
816 2 815 817
817 3 799 816 818
818 2 817 819
819 3 818 820 873
820 2 819 821
821 3 800 820 822
822 2 821 823
823 3 822 824 874
824 2 823 825
825 3 801 824 826
826 2 825 827
827 3 826 828 875
828 2 827 829
829 3 802 828 830
830 2 829 831
831 3 830 832 876
832 2 831 833
833 3 803 832 834
834 2 833 835
835 3 834 836 877
836 2 835 837
837 3 804 836 838
838 2 837 839
839 3 838 840 878
840 2 839 841
841 3 805 840 842
842 2 841 843
843 3 842 844 879
844 2 843 845
845 3 806 844 846
846 2 845 847
847 3 846 848 880
848 2 847 849
849 3 807 848 850
850 2 849 851
851 3 850 852 881
852 2 851 853
853 3 808 852 854
854 2 853 855
855 3 854 856 882
856 2 855 857
857 3 809 856 858
858 2 857 859
859 3 858 860 883
860 2 859 861
861 3 810 860 862
862 2 861 863
863 3 862 864 884
864 2 863 865
865 3 811 864 866
866 2 865 867
867 3 866 868 885
868 2 867 869
869 3 812 868 870
870 2 869 871
871 2 870 886
872 2 815 889
873 2 819 893
874 2 823 897
875 2 827 901
876 2 831 905
877 2 835 909
878 2 839 913
879 2 843 917
880 2 847 921
881 2 851 925
882 2 855 929
883 2 859 933
884 2 863 937
885 2 867 941
886 2 871 945
887 2 888 946
888 2 887 889
889 3 872 888 890
890 2 889 891
891 3 890 892 947
892 2 891 893
893 3 873 892 894
894 2 893 895
895 3 894 896 948
896 2 895 897
897 3 874 896 898
898 2 897 899
899 3 898 900 949
900 2 899 901
901 3 875 900 902
902 2 901 903
903 3 902 904 950
904 2 903 905
905 3 876 904 906
906 2 905 907
907 3 906 908 951
908 2 907 909
909 3 877 908 910
910 2 909 911
911 3 910 912 952
912 2 911 913
913 3 878 912 914
914 2 913 915
915 3 914 916 953
916 2 915 917
917 3 879 916 918
918 2 917 919
919 3 918 920 954
920 2 919 921
921 3 880 920 922
922 2 921 923
923 3 922 924 955
924 2 923 925
925 3 881 924 926
926 2 925 927
927 3 926 928 956
928 2 927 929
929 3 882 928 930
930 2 929 931
931 3 930 932 957
932 2 931 933
933 3 883 932 934
934 2 933 935
935 3 934 936 958
936 2 935 937
937 3 884 936 938
938 2 937 939
939 3 938 940 959
940 2 939 941
941 3 885 940 942
942 2 941 943
943 3 942 944 960
944 2 943 945
945 2 886 944
946 2 887 961
947 2 891 965
948 2 895 969
949 2 899 973
950 2 903 977
951 2 907 981
952 2 911 985
953 2 915 989
954 2 919 993
955 2 923 997
956 2 927 1001
957 2 931 1005
958 2 935 1009
959 2 939 1013
960 2 943 1017
961 2 946 962
962 2 961 963
963 3 962 964 1020
964 2 963 965
965 3 947 964 966
966 2 965 967
967 3 966 968 1021
968 2 967 969
969 3 948 968 970
970 2 969 971
971 3 970 972 1022
972 2 971 973
973 3 949 972 974
974 2 973 975
975 3 974 976 1023
976 2 975 977
977 3 950 976 978
978 2 977 979
979 3 978 980 1024
980 2 979 981
981 3 951 980 982
982 2 981 983
983 3 982 984 1025
984 2 983 985
985 3 952 984 986
986 2 985 987
987 3 986 988 1026
988 2 987 989
989 3 953 988 990
990 2 989 991
991 3 990 992 1027
992 2 991 993
993 3 954 992 994
994 2 993 995
995 3 994 996 1028
996 2 995 997
997 3 955 996 998
998 2 997 999
999 3 998 1000 1029
1000 2 999 1001
1001 3 956 1000 1002
1002 2 1001 1003
1003 3 1002 1004 1030
1004 2 1003 1005
1005 3 957 1004 1006
1006 2 1005 1007
1007 3 1006 1008 1031
1008 2 1007 1009
1009 3 958 1008 1010
1010 2 1009 1011
1011 3 1010 1012 1032
1012 2 1011 1013
1013 3 959 1012 1014
1014 2 1013 1015
1015 3 1014 1016 1033
1016 2 1015 1017
1017 3 960 1016 1018
1018 2 1017 1019
1019 2 1018 1034
1020 2 963 1037
1021 2 967 1041
1022 2 971 1045
1023 2 975 1049
1024 2 979 1053
1025 2 983 1057
1026 2 987 1061
1027 2 991 1065
1028 2 995 1069
1029 2 999 1073
1030 2 1003 1077
1031 2 1007 1081
1032 2 1011 1085
1033 2 1015 1089
1034 2 1019 1093
1035 2 1036 1094
1036 2 1035 1037
1037 3 1020 1036 1038
1038 2 1037 1039
1039 3 1038 1040 1095
1040 2 1039 1041
1041 3 1021 1040 1042
1042 2 1041 1043
1043 3 1042 1044 1096
1044 2 1043 1045
1045 3 1022 1044 1046
1046 2 1045 1047
1047 3 1046 1048 1097
1048 2 1047 1049
1049 3 1023 1048 1050
1050 2 1049 1051
1051 3 1050 1052 1098
1052 2 1051 1053
1053 3 1024 1052 1054
1054 2 1053 1055
1055 3 1054 1056 1099
1056 2 1055 1057
1057 3 1025 1056 1058
1058 2 1057 1059
1059 3 1058 1060 1100
1060 2 1059 1061
1061 3 1026 1060 1062
1062 2 1061 1063
1063 3 1062 1064 1101
1064 2 1063 1065
1065 3 1027 1064 1066
1066 2 1065 1067
1067 3 1066 1068 1102
1068 2 1067 1069
1069 3 1028 1068 1070
1070 2 1069 1071
1071 3 1070 1072 1103
1072 2 1071 1073
1073 3 1029 1072 1074
1074 2 1073 1075
1075 3 1074 1076 1104
1076 2 1075 1077
1077 3 1030 1076 1078
1078 2 1077 1079
1079 3 1078 1080 1105
1080 2 1079 1081
1081 3 1031 1080 1082
1082 2 1081 1083
1083 3 1082 1084 1106
1084 2 1083 1085
1085 3 1032 1084 1086
1086 2 1085 1087
1087 3 1086 1088 1107
1088 2 1087 1089
1089 3 1033 1088 1090
1090 2 1089 1091
1091 3 1090 1092 1108
1092 2 1091 1093
1093 2 1034 1092
1094 2 1035 1109
1095 2 1039 1113
1096 2 1043 1117
1097 2 1047 1121
1098 2 1051 1125
1099 2 1055 1129
1100 2 1059 1133
1101 2 1063 1137
1102 2 1067 1141
1103 2 1071 1145
1104 2 1075 1149
1105 2 1079 1153
1106 2 1083 1157
1107 2 1087 1161
1108 2 1091 1165
1109 2 1094 1110
1110 2 1109 1111
1111 3 1110 1112 1168
1112 2 1111 1113
1113 3 1095 1112 1114
1114 2 1113 1115
1115 3 1114 1116 1169
1116 2 1115 1117
1117 3 1096 1116 1118
1118 2 1117 1119
1119 3 1118 1120 1170
1120 2 1119 1121
1121 3 1097 1120 1122
1122 2 1121 1123
1123 3 1122 1124 1171
1124 2 1123 1125
1125 3 1098 1124 1126
1126 2 1125 1127
1127 3 1126 1128 1172
1128 2 1127 1129
1129 3 1099 1128 1130
1130 2 1129 1131
1131 3 1130 1132 1173
1132 2 1131 1133
1133 3 1100 1132 1134
1134 2 1133 1135
1135 3 1134 1136 1174
1136 2 1135 1137
1137 3 1101 1136 1138
1138 2 1137 1139
1139 3 1138 1140 1175
1140 2 1139 1141
1141 3 1102 1140 1142
1142 2 1141 1143
1143 3 1142 1144 1176
1144 2 1143 1145
1145 3 1103 1144 1146
1146 2 1145 1147
1147 3 1146 1148 1177
1148 2 1147 1149
1149 3 1104 1148 1150
1150 2 1149 1151
1151 3 1150 1152 1178
1152 2 1151 1153
1153 3 1105 1152 1154
1154 2 1153 1155
1155 3 1154 1156 1179
1156 2 1155 1157
1157 3 1106 1156 1158
1158 2 1157 1159
1159 3 1158 1160 1180
1160 2 1159 1161
1161 3 1107 1160 1162
1162 2 1161 1163
1163 3 1162 1164 1181
1164 2 1163 1165
1165 3 1108 1164 1166
1166 2 1165 1167
1167 2 1166 1182
1168 2 1111 1185
1169 2 1115 1189
1170 2 1119 1193
1171 2 1123 1197
1172 2 1127 1201
1173 2 1131 1205
1174 2 1135 1209
1175 2 1139 1213
1176 2 1143 1217
1177 2 1147 1221
1178 2 1151 1225
1179 2 1155 1229
1180 2 1159 1233
1181 2 1163 1237
1182 2 1167 1241
1183 2 1184 1242
1184 2 1183 1185
1185 3 1168 1184 1186
1186 2 1185 1187
1187 3 1186 1188 1243
1188 2 1187 1189
1189 3 1169 1188 1190
1190 2 1189 1191
1191 3 1190 1192 1244
1192 2 1191 1193
1193 3 1170 1192 1194
1194 2 1193 1195
1195 3 1194 1196 1245
1196 2 1195 1197
1197 3 1171 1196 1198
1198 2 1197 1199
1199 3 1198 1200 1246
1200 2 1199 1201
1201 3 1172 1200 1202
1202 2 1201 1203
1203 3 1202 1204 1247
1204 2 1203 1205
1205 3 1173 1204 1206
1206 2 1205 1207
1207 3 1206 1208 1248
1208 2 1207 1209
1209 3 1174 1208 1210
1210 2 1209 1211
1211 3 1210 1212 1249
1212 2 1211 1213
1213 3 1175 1212 1214
1214 2 1213 1215
1215 3 1214 1216 1250
1216 2 1215 1217
1217 3 1176 1216 1218
1218 2 1217 1219
1219 3 1218 1220 1251
1220 2 1219 1221
1221 3 1177 1220 1222
1222 2 1221 1223
1223 3 1222 1224 1252
1224 2 1223 1225
1225 3 1178 1224 1226
1226 2 1225 1227
1227 3 1226 1228 1253
1228 2 1227 1229
1229 3 1179 1228 1230
1230 2 1229 1231
1231 3 1230 1232 1254
1232 2 1231 1233
1233 3 1180 1232 1234
1234 2 1233 1235
1235 3 1234 1236 1255
1236 2 1235 1237
1237 3 1181 1236 1238
1238 2 1237 1239
1239 3 1238 1240 1256
1240 2 1239 1241
1241 2 1182 1240
1242 2 1183 1257
1243 2 1187 1261
1244 2 1191 1265
1245 2 1195 1269
1246 2 1199 1273
1247 2 1203 1277
1248 2 1207 1281
1249 2 1211 1285
1250 2 1215 1289
1251 2 1219 1293
1252 2 1223 1297
1253 2 1227 1301
1254 2 1231 1305
1255 2 1235 1309
1256 2 1239 1313
1257 2 1242 1258
1258 2 1257 1259
1259 3 1258 1260 1316
1260 2 1259 1261
1261 3 1243 1260 1262
1262 2 1261 1263
1263 3 1262 1264 1317
1264 2 1263 1265
1265 3 1244 1264 1266
1266 2 1265 1267
1267 3 1266 1268 1318
1268 2 1267 1269
1269 3 1245 1268 1270
1270 2 1269 1271
1271 3 1270 1272 1319
1272 2 1271 1273
1273 3 1246 1272 1274
1274 2 1273 1275
1275 3 1274 1276 1320
1276 2 1275 1277
1277 3 1247 1276 1278
1278 2 1277 1279
1279 3 1278 1280 1321
1280 2 1279 1281
1281 3 1248 1280 1282
1282 2 1281 1283
1283 3 1282 1284 1322
1284 2 1283 1285
1285 3 1249 1284 1286
1286 2 1285 1287
1287 3 1286 1288 1323
1288 2 1287 1289
1289 3 1250 1288 1290
1290 2 1289 1291
1291 3 1290 1292 1324
1292 2 1291 1293
1293 3 1251 1292 1294
1294 2 1293 1295
1295 3 1294 1296 1325
1296 2 1295 1297
1297 3 1252 1296 1298
1298 2 1297 1299
1299 3 1298 1300 1326
1300 2 1299 1301
1301 3 1253 1300 1302
1302 2 1301 1303
1303 3 1302 1304 1327
1304 2 1303 1305
1305 3 1254 1304 1306
1306 2 1305 1307
1307 3 1306 1308 1328
1308 2 1307 1309
1309 3 1255 1308 1310
1310 2 1309 1311
1311 3 1310 1312 1329
1312 2 1311 1313
1313 3 1256 1312 1314
1314 2 1313 1315
1315 2 1314 1330
1316 2 1259 1333
1317 2 1263 1337
1318 2 1267 1341
1319 2 1271 1345
1320 2 1275 1349
1321 2 1279 1353
1322 2 1283 1357
1323 2 1287 1361
1324 2 1291 1365
1325 2 1295 1369
1326 2 1299 1373
1327 2 1303 1377
1328 2 1307 1381
1329 2 1311 1385
1330 2 1315 1389
1331 2 1332 1390
1332 2 1331 1333
1333 3 1316 1332 1334
1334 2 1333 1335
1335 3 1334 1336 1391
1336 2 1335 1337
1337 3 1317 1336 1338
1338 2 1337 1339
1339 3 1338 1340 1392
1340 2 1339 1341
1341 3 1318 1340 1342
1342 2 1341 1343
1343 3 1342 1344 1393
1344 2 1343 1345
1345 3 1319 1344 1346
1346 2 1345 1347
1347 3 1346 1348 1394
1348 2 1347 1349
1349 3 1320 1348 1350
1350 2 1349 1351
1351 3 1350 1352 1395
1352 2 1351 1353
1353 3 1321 1352 1354
1354 2 1353 1355
1355 3 1354 1356 1396
1356 2 1355 1357
1357 3 1322 1356 1358
1358 2 1357 1359
1359 3 1358 1360 1397
1360 2 1359 1361
1361 3 1323 1360 1362
1362 2 1361 1363
1363 3 1362 1364 1398
1364 2 1363 1365
1365 3 1324 1364 1366
1366 2 1365 1367
1367 3 1366 1368 1399
1368 2 1367 1369
1369 3 1325 1368 1370
1370 2 1369 1371
1371 3 1370 1372 1400
1372 2 1371 1373
1373 3 1326 1372 1374
1374 2 1373 1375
1375 3 1374 1376 1401
1376 2 1375 1377
1377 3 1327 1376 1378
1378 2 1377 1379
1379 3 1378 1380 1402
1380 2 1379 1381
1381 3 1328 1380 1382
1382 2 1381 1383
1383 3 1382 1384 1403
1384 2 1383 1385
1385 3 1329 1384 1386
1386 2 1385 1387
1387 3 1386 1388 1404
1388 2 1387 1389
1389 2 1330 1388
1390 2 1331 1405
1391 2 1335 1409
1392 2 1339 1413
1393 2 1343 1417
1394 2 1347 1421
1395 2 1351 1425
1396 2 1355 1429
1397 2 1359 1433
1398 2 1363 1437
1399 2 1367 1441
1400 2 1371 1445
1401 2 1375 1449
1402 2 1379 1453
1403 2 1383 1457
1404 2 1387 1461
1405 2 1390 1406
1406 2 1405 1407
1407 3 1406 1408 1464
1408 2 1407 1409
1409 3 1391 1408 1410
1410 2 1409 1411
1411 3 1410 1412 1465
1412 2 1411 1413
1413 3 1392 1412 1414
1414 2 1413 1415
1415 3 1414 1416 1466
1416 2 1415 1417
1417 3 1393 1416 1418
1418 2 1417 1419
1419 3 1418 1420 1467
1420 2 1419 1421
1421 3 1394 1420 1422
1422 2 1421 1423
1423 3 1422 1424 1468
1424 2 1423 1425
1425 3 1395 1424 1426
1426 2 1425 1427
1427 3 1426 1428 1469
1428 2 1427 1429
1429 3 1396 1428 1430
1430 2 1429 1431
1431 3 1430 1432 1470
1432 2 1431 1433
1433 3 1397 1432 1434
1434 2 1433 1435
1435 3 1434 1436 1471
1436 2 1435 1437
1437 3 1398 1436 1438
1438 2 1437 1439
1439 3 1438 1440 1472
1440 2 1439 1441
1441 3 1399 1440 1442
1442 2 1441 1443
1443 3 1442 1444 1473
1444 2 1443 1445
1445 3 1400 1444 1446
1446 2 1445 1447
1447 3 1446 1448 1474
1448 2 1447 1449
1449 3 1401 1448 1450
1450 2 1449 1451
1451 3 1450 1452 1475
1452 2 1451 1453
1453 3 1402 1452 1454
1454 2 1453 1455
1455 3 1454 1456 1476
1456 2 1455 1457
1457 3 1403 1456 1458
1458 2 1457 1459
1459 3 1458 1460 1477
1460 2 1459 1461
1461 3 1404 1460 1462
1462 2 1461 1463
1463 2 1462 1478
1464 2 1407 1481
1465 2 1411 1485
1466 2 1415 1489
1467 2 1419 1493
1468 2 1423 1497
1469 2 1427 1501
1470 2 1431 1505
1471 2 1435 1509
1472 2 1439 1513
1473 2 1443 1517
1474 2 1447 1521
1475 2 1451 1525
1476 2 1455 1529
1477 2 1459 1533
1478 2 1463 1537
1479 2 1480 1538
1480 2 1479 1481
1481 3 1464 1480 1482
1482 2 1481 1483
1483 3 1482 1484 1539
1484 2 1483 1485
1485 3 1465 1484 1486
1486 2 1485 1487
1487 3 1486 1488 1540
1488 2 1487 1489
1489 3 1466 1488 1490
1490 2 1489 1491
1491 3 1490 1492 1541
1492 2 1491 1493
1493 3 1467 1492 1494
1494 2 1493 1495
1495 3 1494 1496 1542
1496 2 1495 1497
1497 3 1468 1496 1498
1498 2 1497 1499
1499 3 1498 1500 1543
1500 2 1499 1501
1501 3 1469 1500 1502
1502 2 1501 1503
1503 3 1502 1504 1544
1504 2 1503 1505
1505 3 1470 1504 1506
1506 2 1505 1507
1507 3 1506 1508 1545
1508 2 1507 1509
1509 3 1471 1508 1510
1510 2 1509 1511
1511 3 1510 1512 1546
1512 2 1511 1513
1513 3 1472 1512 1514
1514 2 1513 1515
1515 3 1514 1516 1547
1516 2 1515 1517
1517 3 1473 1516 1518
1518 2 1517 1519
1519 3 1518 1520 1548
1520 2 1519 1521
1521 3 1474 1520 1522
1522 2 1521 1523
1523 3 1522 1524 1549
1524 2 1523 1525
1525 3 1475 1524 1526
1526 2 1525 1527
1527 3 1526 1528 1550
1528 2 1527 1529
1529 3 1476 1528 1530
1530 2 1529 1531
1531 3 1530 1532 1551
1532 2 1531 1533
1533 3 1477 1532 1534
1534 2 1533 1535
1535 3 1534 1536 1552
1536 2 1535 1537
1537 2 1478 1536
1538 2 1479 1553
1539 2 1483 1557
1540 2 1487 1561
1541 2 1491 1565
1542 2 1495 1569
1543 2 1499 1573
1544 2 1503 1577
1545 2 1507 1581
1546 2 1511 1585
1547 2 1515 1589
1548 2 1519 1593
1549 2 1523 1597
1550 2 1527 1601
1551 2 1531 1605
1552 2 1535 1609
1553 2 1538 1554
1554 2 1553 1555
1555 3 1554 1556 1612
1556 2 1555 1557
1557 3 1539 1556 1558
1558 2 1557 1559
1559 3 1558 1560 1613
1560 2 1559 1561
1561 3 1540 1560 1562
1562 2 1561 1563
1563 3 1562 1564 1614
1564 2 1563 1565
1565 3 1541 1564 1566
1566 2 1565 1567
1567 3 1566 1568 1615
1568 2 1567 1569
1569 3 1542 1568 1570
1570 2 1569 1571
1571 3 1570 1572 1616
1572 2 1571 1573
1573 3 1543 1572 1574
1574 2 1573 1575
1575 3 1574 1576 1617
1576 2 1575 1577
1577 3 1544 1576 1578
1578 2 1577 1579
1579 3 1578 1580 1618
1580 2 1579 1581
1581 3 1545 1580 1582
1582 2 1581 1583
1583 3 1582 1584 1619
1584 2 1583 1585
1585 3 1546 1584 1586
1586 2 1585 1587
1587 3 1586 1588 1620
1588 2 1587 1589
1589 3 1547 1588 1590
1590 2 1589 1591
1591 3 1590 1592 1621
1592 2 1591 1593
1593 3 1548 1592 1594
1594 2 1593 1595
1595 3 1594 1596 1622
1596 2 1595 1597
1597 3 1549 1596 1598
1598 2 1597 1599
1599 3 1598 1600 1623
1600 2 1599 1601
1601 3 1550 1600 1602
1602 2 1601 1603
1603 3 1602 1604 1624
1604 2 1603 1605
1605 3 1551 1604 1606
1606 2 1605 1607
1607 3 1606 1608 1625
1608 2 1607 1609
1609 3 1552 1608 1610
1610 2 1609 1611
1611 2 1610 1626
1612 2 1555 1629
1613 2 1559 1633
1614 2 1563 1637
1615 2 1567 1641
1616 2 1571 1645
1617 2 1575 1649
1618 2 1579 1653
1619 2 1583 1657
1620 2 1587 1661
1621 2 1591 1665
1622 2 1595 1669
1623 2 1599 1673
1624 2 1603 1677
1625 2 1607 1681
1626 2 1611 1685
1627 2 1628 1686
1628 2 1627 1629
1629 3 1612 1628 1630
1630 2 1629 1631
1631 3 1630 1632 1687
1632 2 1631 1633
1633 3 1613 1632 1634
1634 2 1633 1635
1635 3 1634 1636 1688
1636 2 1635 1637
1637 3 1614 1636 1638
1638 2 1637 1639
1639 3 1638 1640 1689
1640 2 1639 1641
1641 3 1615 1640 1642
1642 2 1641 1643
1643 3 1642 1644 1690
1644 2 1643 1645
1645 3 1616 1644 1646
1646 2 1645 1647
1647 3 1646 1648 1691
1648 2 1647 1649
1649 3 1617 1648 1650
1650 2 1649 1651
1651 3 1650 1652 1692
1652 2 1651 1653
1653 3 1618 1652 1654
1654 2 1653 1655
1655 3 1654 1656 1693
1656 2 1655 1657
1657 3 1619 1656 1658
1658 2 1657 1659
1659 3 1658 1660 1694
1660 2 1659 1661
1661 3 1620 1660 1662
1662 2 1661 1663
1663 3 1662 1664 1695
1664 2 1663 1665
1665 3 1621 1664 1666
1666 2 1665 1667
1667 3 1666 1668 1696
1668 2 1667 1669
1669 3 1622 1668 1670
1670 2 1669 1671
1671 3 1670 1672 1697
1672 2 1671 1673
1673 3 1623 1672 1674
1674 2 1673 1675
1675 3 1674 1676 1698
1676 2 1675 1677
1677 3 1624 1676 1678
1678 2 1677 1679
1679 3 1678 1680 1699
1680 2 1679 1681
1681 3 1625 1680 1682
1682 2 1681 1683
1683 3 1682 1684 1700
1684 2 1683 1685
1685 2 1626 1684
1686 2 1627 1701
1687 2 1631 1705
1688 2 1635 1709
1689 2 1639 1713
1690 2 1643 1717
1691 2 1647 1721
1692 2 1651 1725
1693 2 1655 1729
1694 2 1659 1733
1695 2 1663 1737
1696 2 1667 1741
1697 2 1671 1745
1698 2 1675 1749
1699 2 1679 1753
1700 2 1683 1757
1701 2 1686 1702
1702 2 1701 1703
1703 3 1702 1704 1760
1704 2 1703 1705
1705 3 1687 1704 1706
1706 2 1705 1707
1707 3 1706 1708 1761
1708 2 1707 1709
1709 3 1688 1708 1710
1710 2 1709 1711
1711 3 1710 1712 1762
1712 2 1711 1713
1713 3 1689 1712 1714
1714 2 1713 1715
1715 3 1714 1716 1763
1716 2 1715 1717
1717 3 1690 1716 1718
1718 2 1717 1719
1719 3 1718 1720 1764
1720 2 1719 1721
1721 3 1691 1720 1722
1722 2 1721 1723
1723 3 1722 1724 1765
1724 2 1723 1725
1725 3 1692 1724 1726
1726 2 1725 1727
1727 3 1726 1728 1766
1728 2 1727 1729
1729 3 1693 1728 1730
1730 2 1729 1731
1731 3 1730 1732 1767
1732 2 1731 1733
1733 3 1694 1732 1734
1734 2 1733 1735
1735 3 1734 1736 1768
1736 2 1735 1737
1737 3 1695 1736 1738
1738 2 1737 1739
1739 3 1738 1740 1769
1740 2 1739 1741
1741 3 1696 1740 1742
1742 2 1741 1743
1743 3 1742 1744 1770
1744 2 1743 1745
1745 3 1697 1744 1746
1746 2 1745 1747
1747 3 1746 1748 1771
1748 2 1747 1749
1749 3 1698 1748 1750
1750 2 1749 1751
1751 3 1750 1752 1772
1752 2 1751 1753
1753 3 1699 1752 1754
1754 2 1753 1755
1755 3 1754 1756 1773
1756 2 1755 1757
1757 3 1700 1756 1758
1758 2 1757 1759
1759 2 1758 1774
1760 2 1703 1777
1761 2 1707 1781
1762 2 1711 1785
1763 2 1715 1789
1764 2 1719 1793
1765 2 1723 1797
1766 2 1727 1801
1767 2 1731 1805
1768 2 1735 1809
1769 2 1739 1813
1770 2 1743 1817
1771 2 1747 1821
1772 2 1751 1825
1773 2 1755 1829
1774 2 1759 1833
1775 2 1776 1834
1776 2 1775 1777
1777 3 1760 1776 1778
1778 2 1777 1779
1779 3 1778 1780 1835
1780 2 1779 1781
1781 3 1761 1780 1782
1782 2 1781 1783
1783 3 1782 1784 1836
1784 2 1783 1785
1785 3 1762 1784 1786
1786 2 1785 1787
1787 3 1786 1788 1837
1788 2 1787 1789
1789 3 1763 1788 1790
1790 2 1789 1791
1791 3 1790 1792 1838
1792 2 1791 1793
1793 3 1764 1792 1794
1794 2 1793 1795
1795 3 1794 1796 1839
1796 2 1795 1797
1797 3 1765 1796 1798
1798 2 1797 1799
1799 3 1798 1800 1840
1800 2 1799 1801
1801 3 1766 1800 1802
1802 2 1801 1803
1803 3 1802 1804 1841
1804 2 1803 1805
1805 3 1767 1804 1806
1806 2 1805 1807
1807 3 1806 1808 1842
1808 2 1807 1809
1809 3 1768 1808 1810
1810 2 1809 1811
1811 3 1810 1812 1843
1812 2 1811 1813
1813 3 1769 1812 1814
1814 2 1813 1815
1815 3 1814 1816 1844
1816 2 1815 1817
1817 3 1770 1816 1818
1818 2 1817 1819
1819 3 1818 1820 1845
1820 2 1819 1821
1821 3 1771 1820 1822
1822 2 1821 1823
1823 3 1822 1824 1846
1824 2 1823 1825
1825 3 1772 1824 1826
1826 2 1825 1827
1827 3 1826 1828 1847
1828 2 1827 1829
1829 3 1773 1828 1830
1830 2 1829 1831
1831 3 1830 1832 1848
1832 2 1831 1833
1833 2 1774 1832
1834 2 1775 1849
1835 2 1779 1853
1836 2 1783 1857
1837 2 1787 1861
1838 2 1791 1865
1839 2 1795 1869
1840 2 1799 1873
1841 2 1803 1877
1842 2 1807 1881
1843 2 1811 1885
1844 2 1815 1889
1845 2 1819 1893
1846 2 1823 1897
1847 2 1827 1901
1848 2 1831 1905
1849 2 1834 1850
1850 2 1849 1851
1851 3 1850 1852 1908
1852 2 1851 1853
1853 3 1835 1852 1854
1854 2 1853 1855
1855 3 1854 1856 1909
1856 2 1855 1857
1857 3 1836 1856 1858
1858 2 1857 1859
1859 3 1858 1860 1910
1860 2 1859 1861
1861 3 1837 1860 1862
1862 2 1861 1863
1863 3 1862 1864 1911
1864 2 1863 1865
1865 3 1838 1864 1866
1866 2 1865 1867
1867 3 1866 1868 1912
1868 2 1867 1869
1869 3 1839 1868 1870
1870 2 1869 1871
1871 3 1870 1872 1913
1872 2 1871 1873
1873 3 1840 1872 1874
1874 2 1873 1875
1875 3 1874 1876 1914
1876 2 1875 1877
1877 3 1841 1876 1878
1878 2 1877 1879
1879 3 1878 1880 1915
1880 2 1879 1881
1881 3 1842 1880 1882
1882 2 1881 1883
1883 3 1882 1884 1916
1884 2 1883 1885
1885 3 1843 1884 1886
1886 2 1885 1887
1887 3 1886 1888 1917
1888 2 1887 1889
1889 3 1844 1888 1890
1890 2 1889 1891
1891 3 1890 1892 1918
1892 2 1891 1893
1893 3 1845 1892 1894
1894 2 1893 1895
1895 3 1894 1896 1919
1896 2 1895 1897
1897 3 1846 1896 1898
1898 2 1897 1899
1899 3 1898 1900 1920
1900 2 1899 1901
1901 3 1847 1900 1902
1902 2 1901 1903
1903 3 1902 1904 1921
1904 2 1903 1905
1905 3 1848 1904 1906
1906 2 1905 1907
1907 2 1906 1922
1908 2 1851 1925
1909 2 1855 1929
1910 2 1859 1933
1911 2 1863 1937
1912 2 1867 1941
1913 2 1871 1945
1914 2 1875 1949
1915 2 1879 1953
1916 2 1883 1957
1917 2 1887 1961
1918 2 1891 1965
1919 2 1895 1969
1920 2 1899 1973
1921 2 1903 1977
1922 2 1907 1981
1923 2 1924 1982
1924 2 1923 1925
1925 3 1908 1924 1926
1926 2 1925 1927
1927 3 1926 1928 1983
1928 2 1927 1929
1929 3 1909 1928 1930
1930 2 1929 1931
1931 3 1930 1932 1984
1932 2 1931 1933
1933 3 1910 1932 1934
1934 2 1933 1935
1935 3 1934 1936 1985
1936 2 1935 1937
1937 3 1911 1936 1938
1938 2 1937 1939
1939 3 1938 1940 1986
1940 2 1939 1941
1941 3 1912 1940 1942
1942 2 1941 1943
1943 3 1942 1944 1987
1944 2 1943 1945
1945 3 1913 1944 1946
1946 2 1945 1947
1947 3 1946 1948 1988
1948 2 1947 1949
1949 3 1914 1948 1950
1950 2 1949 1951
1951 3 1950 1952 1989
1952 2 1951 1953
1953 3 1915 1952 1954
1954 2 1953 1955
1955 3 1954 1956 1990
1956 2 1955 1957
1957 3 1916 1956 1958
1958 2 1957 1959
1959 3 1958 1960 1991
1960 2 1959 1961
1961 3 1917 1960 1962
1962 2 1961 1963
1963 3 1962 1964 1992
1964 2 1963 1965
1965 3 1918 1964 1966
1966 2 1965 1967
1967 3 1966 1968 1993
1968 2 1967 1969
1969 3 1919 1968 1970
1970 2 1969 1971
1971 3 1970 1972 1994
1972 2 1971 1973
1973 3 1920 1972 1974
1974 2 1973 1975
1975 3 1974 1976 1995
1976 2 1975 1977
1977 3 1921 1976 1978
1978 2 1977 1979
1979 3 1978 1980 1996
1980 2 1979 1981
1981 2 1922 1980
1982 2 1923 1997
1983 2 1927 2001
1984 2 1931 2005
1985 2 1935 2009
1986 2 1939 2013
1987 2 1943 2017
1988 2 1947 2021
1989 2 1951 2025
1990 2 1955 2029
1991 2 1959 2033
1992 2 1963 2037
1993 2 1967 2041
1994 2 1971 2045
1995 2 1975 2049
1996 2 1979 2053
1997 2 1982 1998
1998 2 1997 1999
1999 3 1998 2000 2056
2000 2 1999 2001
2001 3 1983 2000 2002
2002 2 2001 2003
2003 3 2002 2004 2057
2004 2 2003 2005
2005 3 1984 2004 2006
2006 2 2005 2007
2007 3 2006 2008 2058
2008 2 2007 2009
2009 3 1985 2008 2010
2010 2 2009 2011
2011 3 2010 2012 2059
2012 2 2011 2013
2013 3 1986 2012 2014
2014 2 2013 2015
2015 3 2014 2016 2060
2016 2 2015 2017
2017 3 1987 2016 2018
2018 2 2017 2019
2019 3 2018 2020 2061
2020 2 2019 2021
2021 3 1988 2020 2022
2022 2 2021 2023
2023 3 2022 2024 2062
2024 2 2023 2025
2025 3 1989 2024 2026
2026 2 2025 2027
2027 3 2026 2028 2063
2028 2 2027 2029
2029 3 1990 2028 2030
2030 2 2029 2031
2031 3 2030 2032 2064
2032 2 2031 2033
2033 3 1991 2032 2034
2034 2 2033 2035
2035 3 2034 2036 2065
2036 2 2035 2037
2037 3 1992 2036 2038
2038 2 2037 2039
2039 3 2038 2040 2066
2040 2 2039 2041
2041 3 1993 2040 2042
2042 2 2041 2043
2043 3 2042 2044 2067
2044 2 2043 2045
2045 3 1994 2044 2046
2046 2 2045 2047
2047 3 2046 2048 2068
2048 2 2047 2049
2049 3 1995 2048 2050
2050 2 2049 2051
2051 3 2050 2052 2069
2052 2 2051 2053
2053 3 1996 2052 2054
2054 2 2053 2055
2055 2 2054 2070
2056 2 1999 2072
2057 2 2003 2076
2058 2 2007 2080
2059 2 2011 2084
2060 2 2015 2088
2061 2 2019 2092
2062 2 2023 2096
2063 2 2027 2100
2064 2 2031 2104
2065 2 2035 2108
2066 2 2039 2112
2067 2 2043 2116
2068 2 2047 2120
2069 2 2051 2124
2070 2 2055 2128
2071 1 2072
2072 3 2056 2071 2073
2073 2 2072 2074
2074 2 2073 2075
2075 2 2074 2076
2076 3 2057 2075 2077
2077 2 2076 2078
2078 2 2077 2079
2079 2 2078 2080
2080 3 2058 2079 2081
2081 2 2080 2082
2082 2 2081 2083
2083 2 2082 2084
2084 3 2059 2083 2085
2085 2 2084 2086
2086 2 2085 2087
2087 2 2086 2088
2088 3 2060 2087 2089
2089 2 2088 2090
2090 2 2089 2091
2091 2 2090 2092
2092 3 2061 2091 2093
2093 2 2092 2094
2094 2 2093 2095
2095 2 2094 2096
2096 3 2062 2095 2097
2097 2 2096 2098
2098 2 2097 2099
2099 2 2098 2100
2100 3 2063 2099 2101
2101 2 2100 2102
2102 2 2101 2103
2103 2 2102 2104
2104 3 2064 2103 2105
2105 2 2104 2106
2106 2 2105 2107
2107 2 2106 2108
2108 3 2065 2107 2109
2109 2 2108 2110
2110 2 2109 2111
2111 2 2110 2112
2112 3 2066 2111 2113
2113 2 2112 2114
2114 2 2113 2115
2115 2 2114 2116
2116 3 2067 2115 2117
2117 2 2116 2118
2118 2 2117 2119
2119 2 2118 2120
2120 3 2068 2119 2121
2121 2 2120 2122
2122 2 2121 2123
2123 2 2122 2124
2124 3 2069 2123 2125
2125 2 2124 2126
2126 2 2125 2127
2127 2 2126 2128
2128 2 2070 2127
