127
0 2 1 14
1 2 0 2
2 2 1 3
3 2 2 4
4 3 3 5 15
5 2 4 6
6 2 5 7
7 2 6 8
8 2 7 16
9 1 10
10 2 9 11
11 2 10 12
12 3 11 13 17
13 1 12
14 2 0 18
15 2 4 22
16 2 8 26
17 2 12 30
18 2 14 19
19 2 18 20
20 3 19 21 33
21 2 20 22
22 3 21 15 23
23 2 22 24
24 3 23 25 34
25 2 24 26
26 3 16 25 27
27 2 26 28
28 3 27 29 35
29 2 28 30
30 3 17 29 31
31 2 30 32
32 2 31 36
33 2 20 39
34 2 24 43
35 2 28 47
36 2 32 51
37 2 38 52
38 2 37 39
39 3 33 38 40
40 2 39 41
41 3 40 42 53
42 2 41 43
43 3 34 42 44
44 2 43 45
45 3 44 46 54
46 2 45 47
47 3 35 46 48
48 2 47 49
49 3 48 50 55
50 2 49 51
51 2 50 36
52 2 37 56
53 2 41 60
54 2 45 64
55 2 49 68
56 2 52 57
57 2 56 58
58 3 57 59 71
59 2 58 60
60 3 53 59 61
61 2 60 62
62 3 61 63 72
63 2 62 64
64 3 54 63 65
65 2 64 66
66 3 65 67 73
67 2 66 68
68 3 55 67 69
69 2 68 70
70 2 69 74
71 2 58 77
72 2 62 81
73 2 66 85
74 2 70 89
75 2 76 90
76 2 75 77
77 3 71 76 78
78 2 77 79
79 3 78 80 91
80 2 79 81
81 3 72 80 82
82 2 81 83
83 3 82 84 92
84 2 83 85
85 3 73 84 86
86 2 85 87
87 3 86 88 93
88 2 87 89
89 2 74 88
90 2 75 94
91 2 79 98
92 2 83 102
93 2 87 106
94 2 90 95
95 2 94 96
96 3 95 97 109
97 2 96 98
98 3 91 97 99
99 2 98 100
100 3 99 101 110
101 2 100 102
102 3 92 101 103
103 2 102 104
104 3 103 105 111
105 2 104 106
106 3 93 105 107
107 2 106 108
108 2 107 112
109 1 96
110 2 100 118
111 2 104 122
112 2 108 126
113 1 114
114 2 113 115
115 2 114 116
116 2 115 117
117 2 116 118
118 3 110 117 119
119 2 118 120
120 2 119 121
121 2 120 122
122 3 111 121 123
123 2 122 124
124 2 123 125
125 2 124 126
126 2 112 125